167 13
599 14
124 14
504 28
432 6
397 5
283 7
272 7
876 4
872 2
872 5
866 2
856 2
826 8
807 5
802 1
799 4
777 4
777 3
777 90
774 1
753 5
744 1
735 4
1177 64
716 8
715 20
701 2
693 0
691 5
683 1
664 6
664 90
651 3
648 0
1177 2
647 3
636 4
618 4
613 4
610 12
599 2
1142 3
577 1
572 1
559 1
553 3
543 3
538 3
535 4
511 0
490 0
490 2
486 2
482 0
452 2
1112 4
439 1
432 1
432 20
425 1
420 0
411 3
405 17
404 1
402 3
394 5
384 -1
369 1
366 2
364 6
350 0
347 2
341 0
339 2
337 0
1084 3
324 2
323 2
312 0
311 1
290 1
280 -1
278 1
278 2
266 0
261 1
255 0
228 1
228 1
216 1
203 1
199 0
190 2
1057 8
188 1
181 2
161 0
158 0
129 2
129 3
131 2
115 1
103 0
91 2
75 0
50 1
38 1
36 0
20 0
10 0
10 0
1024 5
1236 13
1233 3
1017 5
1015 6
1014 5
1014 56
985 0
968 5
965 1
943 6
1189 6
1188 11
929 4
926 1
272 9
271 5
263 3
220 3
196 6
170 6
113 10
75 5
25 2
1328 4
1326 0
1321 5
1313 0
1311 2
1223 1
1223 2
1203 1
1148 2
1121 5
1120 3
1117 3
1112 11
1064 6
1063 1
1507 3
1054 4
1041 1
1037 3
1026 12
1026 0
1015 4
1013 4
1504 1
1516 3
985 1
1503 8
973 5
971 2
945 1
943 1
913 3
881 8
1497 3
878 2
872 3
828 2
824 1
819 1
805 3
1489 2
750 3
743 0
726 2
713 2
703 5
677 2
672 1
671 2
647 3
612 -1
606 1
592 4
584 2
528 6
1149 4
477 0
1144 16
442 2
441 6
434 1
425 3
420 0
410 0
395 1
423 1
299 0
286 1
281 3
1456 3
221 1
100 0
72 3
1443 8
1434 1
1428 2
1380 5
1369 2
1346 3
1345 11
996 4
39 2
39 1
30 2
1204 42
11 0
961 3
939 3
906 0
1204 1
889 0
880 5
851 3
847 0
839 0
838 0
836 2
829 3
808 4
808 3
804 1
803 2
1164 3
796 9
778 2
767 10
766 3
765 20
1204 11
747 2
742 4
1143 1
721 2
709 4
699 0
693 1
692 1
692 2
687 5
671 0
651 0
650 3
642 4
635 1
627 4
627 0
621 3
609 1
609 8
606 9
595 1
579 1
570 0
569 0
560 1
551 1
545 3
546 2
535 2
489 0
482 0
482 10
477 5
1058 2
460 5
1056 3
445 0
444 0
795 0
420 1
419 7
417 1
411 0
407 1
1043 4
389 1
387 2
384 0
371 1
370 2
362 1
353 3
350 2
348 3
346 1
341 0
340 0
323 1
320 6
315 1
312 0
300 0
298 1
291 0
1023 3
257 0
253 2
238 1
1004 2
667 4
615 0
591 0
1117 6
578 1
578 77
564 2
549 5
549 1
527 1
526 1
524 1
522 3
511 2
508 0
507 5
504 0
502 0
501 1
475 0
462 2
460 1
460 3
451 2
447 0
1072 1
441 1
997 75
428 7
428 78
418 0
412 1
1063 4
408 0
405 1
392 4
371 3
371 2
350 1
346 2
344 0
339 2
339 1
334 0
333 0
333 186
324 0
322 -1
320 0
320 115
312 0
307 3
299 0
1029 2
289 0
289 3
896 43
284 0
279 1
270 1
262 2
259 0
344 5
253 0
1016 2
248 3
241 0
221 1
219 16
213 0
195 1
188 0
185 0
183 0
993 6
149 0
147 -2
141 0
137 1
131 1
130 0
118 1
92 2
91 0
606 13
83 -12
74 0
70 0
61 0
53 1
40 1
40 0
35 0
29 0
21 1
15 0
13 0
13 171
942 0
922 1
914 2
892 3
883 2
836 4
1149 8
802 1
783 2
782 0
781 1
951 61
760 0
755 7
752 0
751 3
749 0
749 1
740 17
716 1
704 1
704 1
782 11
694 2
682 1
677 5
674 3
67 6
66 6
56 9
36 7
28 10
26 11
21 10
995 5
995 4
986 5
983 6
946 1
933 20
1092 9
902 8
898 5
894 2
888 0
882 4
907 6
931 4
872 5
850 1
846 1
845 0
843 7
841 1
838 2
835 3
832 2
1088 2
799 4
742 2
738 2
736 2
734 5
1085 10
687 1
684 1
682 3
671 2
657 4
655 1
652 4
651 2
641 -1
641 0
633 1
631 1
622 2
616 1
611 4
603 5
601 1
584 1
1079 7
567 1
562 3
555 2
555 4
533 2
515 1
495 4
489 1
488 2
475 1
469 5
457 1
436 1
427 4
427 2
425 3
411 1
401 1
400 2
397 0
394 1
392 1
377 2
376 2
371 3
363 0
355 1
343 3
340 0
334 3
333 1
329 1
328 1
1054 10
314 0
314 3
294 10
1038 1
286 0
285 2
274 4
272 1
272 0
254 0
246 2
1032 3
219 1
211 4
208 0
177 1
174 0
169 2
1021 2
1021 7
1020 0
137 1
134 3
134 0
1017 2
113 3
112 3
106 1
90 1
71 4
68 2
40 0
22 1
1196 4
527 1
527 0
1174 5
508 17
498 3
494 2
1172 20
476 2
474 4
465 2
461 3
448 2
440 3
433 1
431 3
405 4
376 3
358 5
339 3
1196 12
276 1
1152 12
1152 9
1151 18
258 1
253 2
245 3
1196 14
1147 23
216 6
192 3
189 3
182 2
1196 22
1196 21
146 1
117 2
1142 5
1141 15
70 5
62 4
61 1
1196 12
55 6
54 2
1196 5
1196 3
1107 6
1196 10
1196 5
1196 14
1196 31
1195 5
1022 4
1195 11
1018 8
1017 3
1015 8
1195 12
986 9
1196 5
972 6
940 2
926 7
917 1
1196 27
1196 14
900 1
900 11
1196 27
893 1
881 8
832 6
1196 15
813 1
1196 13
769 3
738 8
735 7
729 5
1184 15
707 8
705 4
1177 7
592 3
590 -1
589 4
579 5
575 1
571 2
558 3
1219 30
539 10
571 10
530 1
510 4
497 6
418 7
316 3
219 1
185 10
152 1
98 5
30 0
826 9
634 15
446 3
373 4
365 3
246 1
116 8
39 3
15 0
311 2
302 2
713 23
266 5
224 2
198 3
1122 5
155 0
153 1
149 3
97 4
94 5
89 4
86 4
85 2
85 1
80 2
60 1
51 0
46 4
26 0
25 1
1104 23
1099 0
1094 13
1046 1
1042 7
1141 3
1141 7
1016 15
1012 3
1000 2
945 3
935 8
931 13
907 1
897 4
887 4
886 17
859 4
855 7
827 5
820 4
814 7
812 5
809 16
799 -1
1140 3
781 3
1139 3
1139 9
746 9
746 44
731 5
709 6
700 3
699 20
697 5
692 10
687 6
684 2
670 7
664 6
663 4
655 6
640 3
610 9
596 10
575 7
545 7
537 4
1134 13
414 5
412 8
403 9
402 8
396 7
388 6
1133 16
382 2
331 12
330 7
329 5
325 2
578 4
275 4
204 1
175 2
92 3
30 1
67 6
550 5
523 6
721 14
718 11
833 6
295 8
105 10
820 13
818 3
808 14
832 7
833 35
736 7
830 7
292 2
738 24
244 13
172 5
996 10
992 7
952 10
946 6
945 7
916 41
886 5
831 3
791 6
731 7
683 6
682 62
1034 9
1034 10
660 0
500 10
495 2
488 7
448 5
1029 4
1026 8
1025 2
362 1
355 13
342 7
627 1
626 2
623 1
618 6
594 3
588 1
582 2
551 2
549 3
551 0
542 5
998 5
993 4
518 0
508 4
502 1
495 2
495 3
466 6
466 3
465 9
462 4
450 4
449 7
449 1
441 5
441 12
979 2
440 4
438 4
438 6
975 1
414 1
392 0
392 2
390 1
383 5
376 1
371 1
365 0
363 1
357 1
348 1
958 1
329 1
329 1
314 2
314 1
310 1
300 2
946 6
287 1
286 1
285 3
279 2
277 3
275 2
275 1
273 1
267 3
263 1
258 1
251 2
249 2
243 1
239 1
226 5
222 0
220 1
218 0
925 2
194 4
172 1
166 0
916 2
161 3
159 1
144 3
136 4
135 3
121 1
114 0
108 4
100 4
98 3
96 3
94 2
90 3
72 3
61 2
60 1
60 3
58 2
885 2
51 1
46 4
42 2
32 1
25 4
24 2
22 3
22 0
29 1
851 1
847 2
844 5
840 1
818 0
816 3
806 10
803 2
792 6
778 2
778 5
768 2
728 3
725 3
719 9
709 10
704 3
696 2
696 1
695 3
695 8
692 3
673 7
669 2
649 2
632 1
496 8
208 13
134 5
121 8
71 1
15 2
637 4
564 5
1078 6
1243 23
1068 4
1057 22
1051 3
1035 6
1017 6
1243 16
1215 27
953 6
907 2
906 5
900 12
896 6
892 0
891 1
884 5
878 1
866 3
863 1
1235 3
814 1
759 0
744 1
733 3
721 5
710 2
698 1
819 11
676 6
787 5
1243 5
634 5
634 21
610 3
610 4
601 4
535 2
527 2
523 5
519 5
515 2
513 3
501 4
498 3
489 10
487 1
485 1
463 4
426 1
412 3
396 0
394 -1
390 4
1243 18
254 2
1226 4
193 2
192 3
178 4
158 2
146 -2
143 1
1224 4
1243 77
1243 7
96 3
63 3
57 1
35 5
1222 7
1222 4
1222 16
1243 8
1243 7
1213 4
1242 9
1209 1
1209 4
1204 7
1204 4
1243 18
1199 3
1242 18
1242 6
1241 15
1241 30
1191 6
1191 19
1190 5
1190 5
1241 6
1243 14
1241 8
1243 16
1241 6
1177 6
1173 7
1167 4
1167 8
1240 12
1152 4
1150 4
1239 13
1239 5
1103 3
1092 5
71 1
769 14
56 0
53 0
763 0
37 1
33 0
747 -1
728 4
726 3
692 7
648 4
628 5
626 4
603 2
602 2
595 3
589 5
516 16
493 2
469 0
469 1
540 8
422 0
419 1
832 22
370 -4
364 1
348 3
329 2
326 1
294 -2
269 0
269 4
251 1
801 5
226 4
179 3
173 0
160 3
159 2
150 1
141 0
139 3
130 14
646 7
639 0
578 4
576 5
555 5
555 3
550 5
550 3
547 4
541 3
522 12
502 9
490 21
461 1
458 0
444 9
442 2
439 2
439 9
433 0
433 3
419 13
412 2
412 19
1174 4
407 6
398 5
392 4
383 2
382 6
376 6
374 5
358 4
1204 -5
314 5
298 8
297 7
282 8
282 0
279 1
278 8
277 0
277 3
269 6
256 8
1205 13
254 -1
251 3
251 0
251 7
243 1
1163 3
217 2
196 5
177 3
159 4
154 6
154 5
154 0
1204 13
106 5
102 10
55 2
1154 0
1128 6
1127 34
1116 3
1205 15
1113 21
1111 17
1105 19
1100 20
1090 1
1087 11
1070 37
1064 9
1205 15
1038 4
1034 2
1033 2
1016 13
1205 25
1005 7
1005 1
998 6
998 24
1205 12
995 2
993 1
1153 16
974 3
972 14
1904 0
966 9
948 0
940 26
1195 8
924 12
921 7
911 0
901 8
889 21
869 12
864 7
853 5
844 1
843 4
841 2
833 6
1190 14
1189 46
795 8
773 4
773 6
733 8
707 7
694 7
690 7
679 9
673 6
283 4
203 2
589 6
437 7
695 1
690 2
689 12
687 3
1031 3
681 3
680 -1
679 1
676 1
675 3
669 0
657 3
657 1
655 3
650 2
649 4
648 5
636 4
636 2
636 3
628 4
624 3
616 3
616 3
612 6
608 1
599 0
596 7
578 3
575 6
571 6
568 1
568 4
1064 8
543 5
529 4
526 6
523 4
969 6
491 4
489 1
466 4
466 2
463 3
461 2
449 3
442 -1
434 6
414 1
412 1
411 1
410 3
395 2
927 8
383 2
378 1
378 1
369 5
365 7
364 4
920 5
354 1
349 2
310 2
281 4
281 0
281 2
889 1
280 0
881 2
874 1
249 0
240 1
900 3
863 10
222 4
217 1
210 3
210 -4
855 1
201 5
200 1
199 2
190 0
186 3
180 0
175 0
166 1
156 2
154 -4
148 1
138 0
134 3
133 0
142 2
132 0
840 6
118 3
118 2
111 1
108 1
106 0
97 0
96 3
92 7
89 2
89 1
88 0
82 0
64 0
63 0
61 2
829 10
45 0
36 0
824 1
813 0
777 1
767 6
765 4
750 1
744 2
736 6
714 5
1216 4
749 2
748 5
715 12
1214 2
707 10
703 2
693 3
683 3
682 2
680 1
662 2
1207 6
651 7
631 1
631 7
623 2
611 5
1200 13
586 4
1198 3
567 4
515 0
510 3
490 3
473 3
470 5
454 5
449 4
1231 3
426 3
407 3
390 3
358 5
357 4
342 1
341 0
337 3
337 3
1146 6
330 3
1144 2
329 1
1141 6
1138 1
323 0
317 11
316 0
313 4
299 0
291 1
281 2
244 1
1121 5
231 3
229 1
211 7
206 4
175 5
169 2
169 0
165 3
165 1
165 1
159 4
157 4
154 4
142 3
136 4
120 0
108 2
105 2
102 5
86 0
75 2
54 3
51 0
49 4
9 0
1073 3
1064 10
1058 1
1049 5
1229 4
989 2
972 1
971 0
970 2
963 2
952 2
925 2
1231 4
905 8
887 0
877 8
876 5
856 1
854 5
846 2
842 2
835 4
834 4
818 0
816 2
783 5
1217 3
1007 9
825 1
818 0
987 2
986 6
794 2
784 2
782 1
776 1
1007 27
768 7
757 1
745 0
743 2
740 0
1007 5
734 1
977 9
1033 2
715 3
975 2
703 2
684 1
665 2
658 5
651 0
651 0
962 5
641 1
637 1
630 4
626 2
610 1
608 0
953 1
590 3
949 2
948 6
581 2
554 1
547 1
536 0
535 1
532 1
531 1
530 2
529 0
519 0
516 1
509 2
1006 9
483 1
467 2
924 0
457 1
448 4
917 1
428 2
915 4
421 0
414 3
402 0
401 0
398 0
396 0
392 0
385 0
904 2
902 1
358 5
354 0
351 -1
901 3
341 0
339 0
333 2
895 1
321 0
894 2
319 2
316 0
894 0
315 0
309 2
285 1
284 0
281 3
882 1
265 0
253 -2
241 2
997 3
874 4
235 0
229 1
228 0
211 1
1007 16
869 2
203 1
192 0
180 1
179 1
176 2
170 0
166 0
164 1
162 2
160 1
152 0
151 0
140 0
138 0
137 1
132 1
125 0
109 0
109 0
854 2
94 -1
85 1
71 0
64 0
847 0
50 1
993 4
44 0
36 1
33 0
28 3
844 1
841 2
24 0
19 0
17 0
15 0
14 1
836 0
88 0
29 2
673 3
661 3
659 2
603 9
590 4
578 -2
546 3
540 8
442 1
785 11
783 4
767 3
271 1
260 1
202 3
202 7
159 2
1026 0
1022 6
1450 13
1005 7
993 8
1437 9
936 6
913 1
895 1
890 1
879 3
1365 5
842 2
823 0
792 1
792 6
791 1
738 21
726 2
714 3
698 0
697 1
693 4
688 1
688 2
674 10
653 0
644 3
635 4
635 1
630 1
625 1
616 12
612 6
598 7
593 1
588 3
582 1
579 5
573 0
564 0
547 1
537 2
511 2
511 4
500 1
486 3
485 10
481 1
476 3
471 4
460 3
455 3
455 2
448 2
448 2
441 1
1195 5
434 0
418 5
418 2
416 3
393 0
390 0
377 3
363 1
350 7
350 7
340 3
338 0
333 -2
319 1
308 -1
303 0
278 1
267 5
1471 24
242 1
235 3
1116 6
212 3
1112 3
206 2
202 4
1111 4
1111 124
187 0
184 0
180 1
173 0
172 1
170 0
165 1
153 1
152 2
146 3
130 0
120 1
109 1
103 6
1463 6
97 0
83 1
65 1
40 1
20 1
10 0
1048 5
1048 22
43 0
291 1
313 10
278 4
245 4
207 4
206 2
144 1
133 1
88 10
312 1
309 1
1216 17
277 -3
1037 3
242 -2
211 2
210 -1
204 0
172 -3
154 1
154 0
139 0
134 0
133 3
132 8
125 -1
1027 2
112 -1
101 1
783 13
89 -2
83 4
25 1
15 1
1013 8
1007 3
996 9
995 3
991 1
990 5
983 5
983 3
962 1
961 5
952 2
951 1
942 9
940 8
917 4
887 3
879 6
877 5
866 8
866 9
859 1
854 10
1153 4
836 1
826 8
819 0
812 2
1132 13
1131 10
770 5
731 2
1216 12
720 4
699 3
699 4
1206 3
680 2
668 5
644 1
644 89
722 8
603 4
601 2
588 1
586 1
521 5
516 2
1075 1
497 3
491 1
490 -1
461 -1
435 5
1058 2
407 0
401 2
397 2
393 3
387 0
1049 1
330 -2
334 4
324 13
316 1
229 8
980 4
194 4
189 3
183 1
979 3
158 5
978 7
148 9
119 2
117 7
114 5
106 4
78 4
63 -2
70 0
968 3
967 9
962 4
959 12
948 4
937 4
1008 0
1007 15
1007 13
862 4
849 5
845 5
838 10
825 14
803 1
798 3
775 3
776 6
747 8
712 3
692 1
685 -2
684 7
680 5
655 2
1001 8
646 8
614 7
608 4
604 8
601 1
596 3
581 1
561 5
542 3
540 2
536 5
535 10
512 5
498 -1
496 7
440 1
437 2
426 5
995 6
995 5
994 6
400 11
399 2
398 2
384 12
990 4
375 5
365 4
186 1
185 0
85 1
26 1
14 3
715 11
673 8
279 8
175 4
138 9
78 7
821 6
980 3
971 5
946 5
908 9
873 5
1238 49
860 1
843 3
803 10
1238 16
800 21
796 0
785 1
772 4
695 5
688 13
680 1
667 1
630 2
622 5
1210 5
619 5
610 5
1208 4
605 0
598 7
597 -1
576 0
565 3
537 -3
1199 11
527 2
526 1
526 6
515 0
504 0
1238 11
485 2
1238 24
464 0
463 0
454 0
451 2
1238 2
443 0
1177 2
429 1
429 6
423 1
420 1
1173 4
412 3
1238 5
398 2
398 12
380 1
373 0
1237 28
363 0
357 9
336 12
335 0
330 2
1238 10
328 2
322 1
313 3
313 8
308 7
297 4
297 63
297 9
274 9
272 7
1238 14
247 0
246 3
243 65
1120 26
224 1
223 0
220 1
217 0
215 0
211 2
211 2
209 2
206 0
194 0
1113 12
144 1
123 0
119 0
110 12
69 3
66 0
63 0
54 2
33 0
23 1
15 0
12 -2
12 1
12 3
1060 1
1234 10
1047 0
1035 9
1232 17
1020 6
1013 24
1231 38
316 9
314 1
1124 6
1245 5
309 2
285 2
281 1
271 4
270 4
266 14
264 1
1112 3
1107 5
229 1
228 3
216 3
212 0
170 -2
154 1
153 1
140 3
136 5
105 5
86 3
73 0
1066 3
22 0
10 3
1245 13
1032 1
1031 5
1025 7
1023 13
1245 2
1245 7
980 61
978 1
1237 4
956 0
955 7
1245 6
953 3
941 1
930 9
930 7
882 1
860 10
821 4
810 6
1245 4
1245 7
1245 6
1230 12
769 4
766 9
758 3
751 2
1245 8
745 11
1224 1
1245 3
737 4
735 10
735 1
731 4
730 7
723 5
722 2
1245 24
719 6
718 4
713 7
712 3
706 7
700 5
698 17
698 4
1245 3
691 20
683 5
681 6
676 8
664 1
661 2
655 4
1208 8
634 8
626 15
1245 1
617 4
616 2
611 3
1245 6
607 2
606 2
599 3
598 7
595 5
593 15
1245 -3
577 4
576 5
573 9
567 4
567 5
567 10
555 3
541 3
532 1
527 4
524 1
515 17
1245 6
491 2
481 0
478 2
1244 21
1244 7
455 1
452 7
437 1
433 12
426 1
418 7
416 6
408 1
407 2
1244 18
1142 2
375 4
371 0
370 3
365 2
360 6
338 1
337 0
1244 16
1133 3
331 1
1244 1
886 7
863 7
862 8
1230 36
859 8
857 17
855 11
909 38
830 18
819 8
816 7
814 7
813 10
799 5
782 3
782 11
765 5
761 0
908 10
750 14
725 3
724 8
722 7
715 7
702 8
696 6
689 5
683 4
907 8
895 4
647 11
628 4
628 3
623 9
613 5
600 5
598 3
593 4
591 5
588 6
587 3
584 3
580 7
577 1
566 4
549 2
535 3
904 8
531 4
523 1
519 2
494 4
484 2
484 9
426 4
425 1
419 2
385 4
333 2
322 2
276 2
272 4
270 3
909 12
901 14
900 8
900 9
246 1
244 2
241 3
240 1
239 1
899 9
226 2
225 3
207 3
185 2
183 2
171 4
150 2
143 1
139 4
134 0
134 0
131 1
128 5
97 4
91 4
87 3
86 3
909 20
43 2
42 1
890 9
420 9
222 7
209 2
912 13
910 4
910 9
909 4
901 18
900 10
882 7
870 8
869 8
866 4
854 10
843 10
840 5
839 9
839 14
826 11
825 7
819 13
819 5
812 10
924 16
810 -2
806 6
792 7
774 3
761 17
753 6
728 5
725 6
716 2
701 6
690 4
922 7
671 8
667 8
656 10
649 6
636 14
614 5
595 5
595 7
548 7
532 2
520 12
499 3
477 -2
456 4
420 3
920 13
416 4
385 7
376 14
373 4
346 8
346 4
326 6
322 1
320 1
260 14
247 9
223 5
221 13
216 4
202 5
190 8
178 4
160 5
917 6
146 3
146 3
145 0
917 14
138 2
138 7
129 9
112 0
108 4
917 8
88 5
58 1
882 17
54 2
49 5
43 4
41 5
33 4
30 0
20 3
17 9
925 2
1210 8
904 2
903 4
902 1
900 1
895 7
894 0
875 6
869 5
859 1
847 3
841 9
831 1
795 6
793 0
782 1
1190 4
732 1
727 4
698 3
698 2
680 2
1176 2
677 7
671 3
661 2
659 6
635 1
633 1
617 3
617 4
610 1
600 0
589 7
582 5
574 3
573 3
569 3
560 9
552 2
545 5
537 -2
537 7
530 1
1139 10
518 1
483 1
469 2
462 2
453 1
452 4
450 2
449 8
1114 6
422 0
417 3
399 4
1100 7
389 2
380 3
1096 3
377 9
1093 4
370 2
369 4
369 1
357 2
354 10
350 2
350 1
332 0
329 1
329 3
328 1
327 0
1074 7
319 2
316 3
316 3
313 2
299 1
293 1
1054 4
285 1
284 0
281 2
274 1
272 4
272 1
266 2
1044 1
260 20
259 1
1037 5
247 1
243 1
239 0
238 2
1034 9
230 2
222 8
216 0
205 3
202 1
197 1
187 7
184 2
176 3
168 1
168 0
166 0
156 1
152 0
150 2
148 3
144 0
140 0
139 0
128 6
126 2
125 1
124 5
113 0
90 2
79 0
69 1
69 1
58 3
992 3
992 4
47 2
43 1
42 2
38 0
28 1
22 0
21 1
19 0
982 3
13 1
980 4
978 9
964 6
944 5
470 1
435 5
429 3
427 5
421 1
419 2
411 1
1004 2
999 2
368 2
354 7
343 1
340 7
984 2
317 1
314 -3
974 2
289 2
285 0
283 6
1063 5
279 8
272 4
270 1
262 4
244 2
239 2
236 0
218 0
215 0
209 2
953 3
180 5
174 2
941 2
150 2
704 0
935 7
90 2
73 8
69 4
66 0
66 3
65 -1
925 5
925 1
924 2
917 10
915 2
13 -2
879 1
1062 13
863 0
862 1
853 5
852 1
838 0
837 1
820 1
804 1
800 -2
1206 8
747 5
734 5
734 1
1051 1
1051 6
725 0
704 2
704 2
700 3
690 2
682 3
680 6
673 2
672 5
662 2
658 0
647 1
645 1
636 0
635 1
622 2
610 1
603 0
581 4
578 2
574 0
570 3
547 1
525 2
515 1
495 0
478 3
476 0
1024 3
452 4
446 2
1064 8
1020 5
42 10
42 0
40 3
35 4
30 1
639 9
511 8
413 5
406 3
356 6
302 9
791 6
57 6
687 15
658 7
572 15
782 2
769 11
749 6
197 1
195 1
175 5
1434 5
150 2
1433 3
128 1
85 1
1121 7
37 2
34 2
1428 3
30 1
10 0
1424 16
1415 6
1121 4
1411 4
1397 6
1393 8
1393 30
1369 6
1350 5
1322 3
1318 3
1297 6
1294 4
1281 3
1279 2
1279 6
1266 9
1258 3
1240 5
1238 2
1164 7
1163 2
1133 3
1120 3
1072 11
1045 7
1044 9
1029 4
1026 2
1009 3
1008 2
1007 6
1004 0
1004 6
977 4
966 5
939 3
912 4
907 5
906 7
906 5
870 4
841 4
834 14
812 11
800 6
797 2
797 6
797 6
772 7
720 4
665 1
658 3
640 4
588 4
567 5
1111 3
549 5
541 1
538 8
524 5
519 7
1110 5
480 4
1109 6
465 0
420 3
1454 16
406 3
392 3
324 5
309 2
287 4
236 1
230 1
223 2
209 0
480 7
262 5
532 10
92 1
34 5
306 4
286 6
135 3
115 5
62 4
895 15
882 3
852 11
852 11
917 10
799 5
742 14
733 4
685 1
661 3
660 5
632 10
624 1
915 13
605 2
602 8
589 6
589 6
503 4
912 10
439 6
438 9
430 3
423 1
368 6
355 9
820 11
805 12
799 2
1326 4
779 4
768 5
762 9
759 7
749 6
732 5
726 7
707 13
694 4
691 12
666 12
650 5
648 5
648 11
646 5
643 7
641 9
640 14
618 11
595 2
589 4
568 13
545 6
543 8
521 2
540 7
516 1
465 3
462 -1
448 5
425 3
421 1
417 2
1235 2
411 1
1426 2
1233 1
385 1
379 4
365 3
363 3
352 6
1228 1
338 12
338 2
308 1
278 2
1194 5
1194 10
260 4
254 3
242 4
1187 6
204 4
174 6
1170 2
132 3
1165 4
115 3
1372 7
68 4
46 3
40 3
12 4
1140 1
1135 5
1131 0
1123 5
1120 2
1119 6
1116 5
1358 3
1098 3
1098 2
1087 1
1053 6
1052 3
1048 6
1045 4
1043 2
1043 4
1348 12
1031 2
1026 2
985 0
985 4
979 1
965 1
962 2
1334 8
935 6
931 18
923 24
923 3
896 13
895 7
883 8
879 0
856 2
1328 5
825 10
823 3
600 4
454 8
439 4
377 6
149 1
74 2
28 0
794 5
266 2
223 0
162 1
135 0
92 3
76 1
54 0
546 6
338 11
329 2
322 0
297 9
127 1
20 3
672 13
435 1
415 1
304 1
273 4
196 20
85 -2
73 3
24 1
535 9
153 0
105 3
1330 1
1330 6
1223 2
1181 8
582 0
683 0
683 5
665 4
659 1
655 8
653 2
652 1
651 4
614 1
605 2
591 1
579 1
571 0
548 3
528 3
488 0
486 3
486 3
1048 2
472 1
469 2
469 1
466 2
462 -1
460 3
449 -2
1038 2
439 0
1035 1
429 0
414 1
403 2
402 0
394 0
384 1
379 0
370 1
370 6
367 1
1006 2
355 3
354 5
352 0
328 1
325 1
315 2
312 0
985 4
299 4
298 0
296 2
294 1
291 0
284 3
280 0
280 3
274 0
273 3
271 0
269 1
265 0
263 5
263 0
256 2
254 17
252 1
251 0
248 2
953 6
238 1
237 0
948 1
232 0
231 0
229 0
223 1
222 0
221 1
217 1
937 0
208 2
203 1
203 8
200 1
199 1
931 0
180 2
171 0
171 2
170 2
168 3
167 2
165 2
157 1
913 12
153 0
142 4
140 2
906 1
133 4
127 0
118 4
113 2
109 1
105 3
101 3
97 0
92 0
88 0
79 2
75 3
74 4
72 1
70 1
68 0
66 5
61 3
59 0
56 0
56 0
51 0
50 0
49 0
864 2
36 1
35 1
35 0
35 2
34 1
34 1
32 4
32 1
27 0
27 0
24 2
21 3
17 5
16 0
844 2
11 0
818 4
816 16
783 4
777 2
770 8
770 0
759 6
743 3
741 2
693 3
913 3
904 4
1002 26
893 1
886 3
885 2
884 3
882 4
880 2
875 3
866 4
816 2
1001 2
1000 5
753 3
1000 7
729 1
728 3
699 1
999 3
687 1
680 2
670 2
1002 26
1002 4
638 5
631 2
624 2
621 1
605 0
567 2
547 0
994 6
541 3
539 2
533 1
504 2
492 3
488 6
476 5
993 17
463 3
439 4
434 3
425 1
991 2
411 6
396 7
395 0
394 2
387 2
380 1
379 3
373 5
366 1
355 3
349 5
347 3
340 0
338 1
314 -1
308 3
301 1
292 2
281 2
984 3
279 0
277 5
257 4
256 4
241 2
979 6
233 2
211 1
976 5
203 3
974 3
183 2
173 1
172 2
165 1
163 4
162 4
161 1
139 1
966 3
116 3
113 4
105 3
75 3
69 3
959 2
1002 30
59 0
958 3
47 3
37 1
34 2
954 2
28 2
21 3
935 2
933 5
920 5
839 37
893 10
1619 115
826 1
820 10
811 6
799 -4
795 8
1588 3
777 2
725 33
719 -7
682 0
680 5
670 1
1037 40
613 7
608 7
599 -13
575 2
574 1
547 3
545 0
516 7
513 14
467 14
442 1
388 7
381 13
375 -1
362 -16
1565 11
330 18
321 0
317 4
306 4
305 3
288 -14
285 6
283 7
267 0
258 6
243 27
232 0
199 8
1034 6
148 28
145 16
140 -8
134 -4
1382 17
119 7
111 4
106 2
104 0
89 7
82 -3
79 23
78 16
358 1
1553 8
1553 310
1552 0
54 2
51 6
49 12
48 -10
40 0
34 10
24 -6
1619 22
1517 1
1619 5
1499 -6
1488 4
1620 10
1473 11
1470 1
1460 1
1414 4
1414 25
1619 2
1382 25
1362 5
1348 -3
1619 15
1619 4
1619 15
1295 3
1267 14
1267 5
1267 13
1268 30
1619 29
1243 1
1238 2
1224 6
1211 -3
1195 12
1194 12
1600 0
1600 6
1143 0
1127 1
1111 4
1104 12
1087 2
1083 5
1620 45
1062 2
1022 1
1270 3
1020 0
1618 1
1618 3
1031 9
1618 8
979 1
976 2
1618 11
957 2
946 25
1620 6
1618 671
932 38
929 4
926 11
924 65
919 7
912 34
910 -2
902 5
900 8
1620 34
884 0
883 11
1618 191
872 3
865 2
862 20
853 5
847 7
834 7
830 4
827 9
817 6
816 4
812 8
748 5
745 1
705 2
694 8
694 0
670 2
1337 8
658 6
653 1
651 5
646 2
641 1
636 3
633 3
625 4
545 4
540 12
538 4
502 2
482 0
443 3
439 8
426 4
1282 2
416 8
1276 28
415 0
1274 1
410 1
360 3
349 3
289 2
269 1
261 2
245 1
275 9
234 3
211 5
182 4
1229 1
180 4
167 1
154 1
1217 7
147 1
136 1
1217 11
110 6
95 1
1216 4
74 2
64 2
1212 4
19 1
14 1
12 2
1478 7
1188 3
1159 10
1149 5
1118 5
1456 7
1070 6
1033 5
1020 3
1020 2
1019 2
1430 8
997 10
978 5
966 7
966 3
960 6
952 2
948 1
947 6
932 11
907 3
1399 16
895 1
892 4
889 2
872 3
1507 8
260 0
198 8
188 4
80 8
374 8
256 3
237 14
233 1
203 8
198 3
1048 7
190 0
185 7
155 0
133 0
130 0
121 5
117 1
96 4
89 4
84 1
56 2
39 1
952 4
1054 46
951 9
950 6
999 5
1017 4
1011 11
960 3
1016 9
990 5
968 14
992 8
914 3
914 7
881 9
860 6
825 5
807 8
805 13
788 3
678 5
637 0
622 3
620 2
583 3
582 11
577 2
940 14
565 0
548 0
548 16
545 4
518 -1
497 8
471 18
439 5
433 6
424 1
413 3
399 13
936 24
936 2
351 6
952 28
319 4
308 9
282 2
145 4
144 9
109 5
101 2
208 -1
201 0
140 1
629 6
369 7
314 4
260 3
41 6
19 30
16 3
16 4
16 1
948 11
947 8
934 5
929 2
915 12
901 13
896 6
870 3
868 11
849 6
825 5
980 14
801 13
797 28
762 9
756 4
748 1
736 13
734 5
724 3
722 3
717 1
980 15
694 7
694 12
682 7
677 6
662 6
660 8
651 4
645 7
826 13
562 7
561 6
973 16
545 7
539 1
526 8
483 2
468 11
972 11
462 4
430 5
429 6
420 8
972 20
365 3
349 10
348 18
345 3
344 7
334 2
333 2
322 1
970 1
970 8
866 10
968 6
202 3
202 5
194 2
193 8
189 7
163 3
966 10
120 7
61 5
28 8
441 11
312 1
54 9
54 8
56 6
51 8
46 4
44 10
38 9
828 14
811 5
809 7
800 2
791 16
789 11
767 2
760 21
756 7
727 1
725 1
721 7
690 4
651 3
910 53
610 7
610 4
544 0
525 2
508 1
503 16
502 4
497 0
475 3
472 6
432 6
406 2
902 1
901 4
377 3
335 0
331 7
895 21
293 9
286 5
265 4
264 3
240 2
233 3
231 0
217 3
207 0
205 3
204 -3
886 11
190 1
188 0
182 1
179 8
172 2
169 -6
169 -2
167 1
165 3
158 2
145 3
142 2
876 6
133 0
130 4
116 1
113 6
89 2
83 3
77 3
75 2
46 -4
35 1
34 1
15 0
12 0
857 21
1237 46
1237 20
1230 54
1230 8
1230 7
1230 9
1230 4
1230 7
1229 67
1229 16
1237 17
1229 37
1237 15
1228 9
1228 8
1237 33
1237 29
1225 13
1225 12
1225 37
1224 7
1223 10
1223 31
1222 7
1222 30
1222 5
1237 15
1218 21
1217 17
1217 8
1217 23
1217 23
1216 -4
1216 12
1237 4
1216 6
1215 44
1214 3
1214 18
1214 5
1213 9
1213 9
1213 14
1213 2
1212 8
1212 38
1237 16
1210 12
1237 24
1210 10
1210 17
1237 51
1209 18
1209 5
1207 5
1207 23
1206 43
1205 5
1204 11
1202 19
1237 16
1237 32
1237 114
1237 7
1237 1
1237 10
1237 10
1237 -6
1237 106
1237 14
1236 15
1236 30
1236 21
1236 11
1237 10
1236 21
1236 13
1236 26
1236 5
1236 15
1235 5
1235 11
1039 3
1237 79
1234 23
1234 11
1233 20
1233 12
1233 7
1233 13
1232 12
1231 41
1127 31
896 4
882 1
868 1
856 6
855 4
842 4
832 1
831 3
812 2
779 4
763 1
762 5
736 4
717 0
707 0
701 2
699 0
986 5
668 0
664 3
1126 7
647 6
643 2
640 1
639 5
626 1
592 0
882 4
898 6
1062 5
848 6
1061 7
889 5
657 7
1058 3
568 1
566 3
561 7
553 1
543 9
543 1
540 1
537 5
535 0
510 5
505 4
501 3
498 2
497 2
491 0
491 2
476 5
474 2
1048 2
468 0
454 1
445 0
434 0
431 2
421 1
419 2
409 4
408 1
402 1
401 1
1120 14
380 1
375 1
372 3
371 2
370 4
358 8
355 2
1031 2
350 2
338 0
335 5
334 0
333 4
328 1
328 2
327 4
322 6
318 8
314 0
313 3
306 2
1021 1
297 6
295 3
289 2
285 4
281 3
281 4
273 3
266 0
1014 6
237 0
1008 5
221 0
1006 4
206 0
204 -1
202 0
188 1
175 2
163 2
159 2
149 0
143 1
139 2
138 7
135 2
129 3
122 2
121 0
121 1
115 1
112 0
107 2
101 -1
86 19
85 3
84 3
77 3
70 2
67 4
48 1
45 5
969 4
967 1
1127 5
965 2
965 15
955 3
998 6
993 5
988 11
988 1
986 11
977 3
971 6
970 8
967 6
964 14
955 0
953 9
947 2
946 9
946 7
936 13
930 4
928 6
924 2
922 2
917 3
907 4
902 3
890 4
873 4
866 3
860 2
844 3
842 6
842 10
838 2
833 4
819 2
1023 5
788 1
783 5
781 4
705 5
705 5
685 10
1020 6
657 6
632 5
1016 12
591 0
587 1
576 2
575 4
553 1
553 5
465 8
450 1
427 5
423 6
397 0
395 2
386 3
1006 5
326 -3
323 12
320 1
316 4
316 12
279 0
272 1
268 10
250 2
180 12
144 3
82 2
691 6
689 6
663 4
618 3
693 8
170 2
167 1
146 1
353 7
819 21
817 13
813 7
800 3
878 7
787 8
784 3
753 8
701 8
687 1
888 17
570 2
565 3
511 3
496 4
480 1
473 -1
881 3
342 4
303 5
289 14
895 24
870 3
72 4
33 4
22 0
837 7
842 3
777 4
732 5
636 0
623 0
600 0
596 4
577 30
576 6
558 0
554 7
524 1
487 3
450 2
445 7
441 4
419 8
1121 17
331 7
315 22
314 9
286 0
221 0
220 0
179 3
154 1
102 1
49 3
23 4
1057 3
1041 2
1022 17
1022 28
1022 44
995 10
995 1
1169 11
990 2
967 6
964 13
957 2
953 35
890 24
881 35
1889 60
866 22
859 5
956 9
930 17
928 7
925 3
918 2
914 8
900 6
887 3
880 4
868 7
845 21
840 1
824 5
821 11
789 1
788 11
764 8
762 4
750 4
733 3
670 5
670 9
637 8
634 6
628 4
626 5
622 6
611 5
588 3
556 2
532 1
532 27
517 2
506 4
493 5
488 2
470 0
1029 28
445 1
429 0
405 3
395 1
355 4
343 4
329 2
1020 9
1019 10
1002 3
308 4
269 1
264 6
263 2
257 0
251 3
244 5
233 4
231 5
214 1
210 6
201 3
166 5
160 1
145 2
140 0
131 5
127 3
120 3
111 2
103 4
102 2
84 1
73 2
65 1
63 0
61 1
55 1
43 1
41 2
38 1
35 3
21 0
14 1
534 19
527 6
229 2
97 1
76 3
242 14
178 8
176 4
223 7
364 1
298 4
793 2
793 5
782 5
774 7
761 19
757 2
715 11
691 4
1202 10
645 4
636 19
628 4
619 8
615 8
575 15
569 9
554 9
547 -2
513 3
489 5
488 3
488 0
484 6
478 6
470 1
466 4
455 11
452 8
441 2
1193 7
414 13
409 10
408 4
405 5
390 7
373 3
366 11
363 10
363 5
350 8
345 5
339 4
336 2
308 7
302 3
288 16
284 8
278 6
277 3
276 30
260 5
1181 3
218 2
202 16
196 8
195 3
180 4
168 46
155 6
148 7
148 12
135 6
1174 5
114 1
85 14
80 8
73 11
55 7
43 4
1164 7
1147 9
1202 10
1145 5
1137 14
1135 5
1135 42
1125 11
1125 10
1124 8
1122 11
1120 20
1106 7
1105 19
1098 16
1083 9
1046 7
989 6
982 7
975 15
963 7
960 14
854 10
840 6
842 7
819 15
816 8
182 3
174 3
166 3
135 2
117 2
76 2
316 2
314 1
649 4
595 8
538 6
293 1
260 1
251 0
193 2
116 3
72 6
40 0
679 5
670 6
669 6
665 12
656 16
652 2
648 8
635 7
630 7
625 3
615 16
611 3
608 5
608 7
607 11
606 7
601 6
601 8
597 4
597 12
596 10
595 5
580 5
578 7
577 1
577 0
574 2
572 2
561 6
558 5
544 7
541 32
538 2
528 18
526 2
523 6
517 7
516 16
515 7
508 14
502 17
1013 14
487 4
485 3
484 6
482 7
475 1
467 20
466 4
457 4
447 12
444 13
433 24
428 4
419 3
417 6
413 12
410 4
985 15
391 26
377 7
376 7
364 11
358 4
357 5
344 12
1057 31
316 2
306 5
301 10
297 8
293 3
285 19
273 8
265 4
943 22
236 3
211 5
206 1
200 3
930 16
184 1
153 3
919 12
123 4
123 8
115 7
113 7
60 2
48 4
10 4
875 8
853 7
839 1
827 17
810 5
783 20
778 28
773 12
769 13
760 18
750 35
729 15
868 15
725 6
719 40
717 10
710 24
706 7
1050 16
691 11
690 8
688 7
687 35
683 2
676 8
674 12
674 6
1093 6
707 3
705 3
1115 17
694 3
692 2
670 16
1118 7
660 0
659 2
643 1
624 3
623 6
597 2
595 3
582 3
581 0
1060 13
1118 4
543 0
541 4
535 0
1118 15
533 1
525 6
524 -2
509 1
509 5
498 11
494 2
484 5
478 0
475 2
467 6
460 3
450 14
550 2
436 5
426 2
421 2
418 2
1019 7
411 2
383 1
380 -1
368 2
359 1
355 2
1117 7
342 1
985 7
327 1
1116 21
1107 28
315 4
313 11
304 2
299 1
274 4
274 4
272 3
957 5
255 2
251 15
250 3
246 2
220 2
209 2
202 -2
194 0
188 5
940 12
180 0
936 17
1114 5
145 4
143 2
123 1
121 2
1113 7
111 1
932 14
1112 8
94 1
918 27
79 2
1112 11
46 3
36 1
34 3
18 0
8 1
1111 14
1111 18
889 2
848 5
844 3
1109 5
835 18
833 21
832 2
831 29
815 18
810 4
803 8
793 5
766 1
762 7
757 10
756 14
747 6
966 41
1118 14
1414 2
1408 4
1399 1
1657 0
1679 14
1379 1
1379 4
1654 1
1369 1
1369 3
1650 2
1308 0
1296 1
1287 1
1267 1
1266 5
1250 1
1237 3
1225 1
1216 0
1201 0
1187 6
1173 0
1645 0
1160 3
1160 25
1150 2
1139 1
1138 0
1131 0
1122 0
1096 1
1679 1
1082 0
1077 0
1066 0
1066 1
1055 14
1019 2
1001 0
999 0
1679 8
980 0
980 0
1633 0
932 0
917 3
896 0
875 2
874 4
1679 7
854 2
1679 40
841 4
833 3
831 1
824 3
796 1
790 0
758 2
755 0
748 5
736 1
733 2
715 14
671 2
1611 5
642 0
590 1
587 3
572 1
559 1
551 0
532 2
499 1
490 2
470 1
1679 34
450 1
448 1
1679 12
1674 3
422 0
413 2
403 1
386 0
1594 3
369 0
336 0
313 3
301 0
300 0
1679 4
290 0
1679 4
284 2
1587 1
272 0
257 4
256 1
247 0
1582 1
235 0
229 0
221 1
213 0
186 3
178 1
1577 0
1678 5
126 0
98 0
87 0
46 2
22 2
1563 9
1559 -1
1555 1
1542 0
1522 0
1521 2
1521 7
1497 2
1490 0
1487 1
1472 2
1678 3
1470 2
1678 4
1459 3
1451 1
1678 10
1444 4
1443 2
1433 1
996 3
980 1
980 54
970 4
965 1
964 3
1416 2
929 3
928 1
922 3
915 1
910 6
904 1
895 1
894 1
869 2
863 1
853 1
851 2
844 8
836 2
830 1
819 1
810 2
804 1
791 0
784 2
764 3
1336 3
737 2
729 0
727 0
727 3
726 0
718 1
712 8
700 0
690 2
672 1
667 0
666 0
1299 3
644 1
1292 5
644 0
631 0
631 1
623 1
622 1
1281 1
614 0
1496 1
593 0
587 0
587 1
582 0
578 1
1493 1
547 0
545 2
537 1
1244 0
504 2
490 3
488 0
487 2
483 0
470 1
1219 0
448 0
447 0
435 0
1210 1
419 0
1205 1
412 1
406 1
397 0
396 0
391 4
390 1
1187 0
368 3
349 3
329 1
322 0
316 0
1165 1
314 0
307 0
289 0
286 0
284 0
1153 0
268 0
266 1
259 0
253 1
1471 2
1139 0
237 0
222 3
205 2
203 0
188 6
1115 1
148 3
133 0
1104 1
131 0
127 3
126 1
124 0
114 0
99 1
99 0
93 0
91 1
89 0
89 1
41 0
21 0
1055 3
1052 1
1049 1
1027 0
448 1
438 9
432 8
432 14
431 8
987 110
424 8
419 5
403 13
985 13
380 5
372 4
369 14
357 10
321 18
313 3
304 5
294 11
287 6
265 8
264 5
250 2
243 7
978 152
192 11
185 5
179 1
163 0
140 12
138 6
975 11
111 0
975 18
975 14
974 21
71 1
58 9
58 1
53 7
50 1
47 25
16 10
972 24
969 10
969 16
1005 37
961 1
960 22
1010 21
951 13
949 45
948 10
945 13
933 60
925 2
923 7
919 5
912 8
909 25
909 5
904 5
900 1
893 8
862 5
846 7
836 42
786 17
778 35
776 10
753 1
753 14
720 18
713 1
705 5
695 3
968 48
678 10
673 2
986 20
667 20
1013 8
657 8
642 17
611 19
610 4
594 9
994 10
582 3
581 2
581 11
566 8
539 18
533 7
532 3
740 26
815 4
738 0
694 1
201 0
83 0
971 2
132 10
94 6
72 7
138 11
127 6
126 7
126 5
673 7
749 9
748 18
549 7
516 2
444 5
438 5
747 6
154 1
460 10
385 7
354 -4
310 3
288 4
664 10
219 5
184 6
150 5
61 4
653 13
586 -3
910 1
908 9
899 5
897 4
895 4
895 11
894 11
894 4
944 11
865 2
860 4
854 -4
834 3
834 15
944 9
759 7
733 1
729 2
712 3
700 3
695 3
677 3
666 2
658 4
657 12
649 2
649 2
635 4
617 1
580 1
571 4
563 2
552 0
539 1
939 7
525 8
495 4
938 13
938 12
482 2
476 7
455 4
455 0
453 7
452 0
937 4
937 9
937 18
937 8
385 10
384 7
378 1
375 2
343 0
313 1
312 2
296 0
935 9
945 36
209 3
205 2
195 1
186 5
175 1
932 9
154 1
152 1
133 0
120 0
104 1
85 1
930 12
929 6
13 0
928 9
923 2
923 5
923 5
945 3
920 0
918 4
911 16
911 3
911 96
1294 12
1293 4
1244 1
1293 1
1242 9
1293 4
1293 2
1293 7
1293 0
1293 17
1293 8
1293 2
1293 5
1293 1
1293 5
1293 1
1293 1
1293 1
1213 3
1208 2
1293 7
1292 4
1292 5
1292 2
1294 12
1292 3
1187 4
1180 2
1292 4
1292 2
1292 2
1152 6
1292 4
1128 2
1292 89
1291 2
1291 2
1291 0
1291 2
1294 6
1291 3
1051 1
1291 0
1291 4
1291 3
1291 81
1291 71
1291 7
1291 2
1291 3
1290 4
1290 9
1290 4
1290 3
1004 0
1290 3
995 1
994 60
1294 3
1289 3
889 0
1294 10
808 1
1294 1
1289 36
771 0
1289 3
722 4
681 12
681 45
1294 17
675 2
672 3
679 9
1294 10
651 0
596 1
1285 7
541 3
1294 3
510 4
1283 2
1294 20
302 4
1294 2
210 0
1282 2
1282 1
1282 6
1294 5
1294 6
1279 1
1293 6
1293 3
1278 11
1293 6
1293 8
1294 103
1293 6
1293 7
1293 4
1293 30
1269 2
1269 41
1293 13
1293 5
1293 0
1265 2
1265 1
1293 3
1263 2
1293 2
1293 4
1293 6
1293 6
1293 7
1252 5
1293 6
1631 2
606 2
1629 0
596 1
589 0
584 1
582 2
575 4
559 0
557 0
1612 1
1612 690
530 1
518 2
501 1
489 0
1588 3
452 2
437 0
435 1
414 0
414 0
411 1
400 2
397 0
395 1
1562 0
380 5
378 0
372 1
363 0
349 5
349 -1
348 1
1546 4
339 0
320 0
319 0
316 0
304 -1
291 0
272 3
265 0
264 6
240 0
239 1
235 2
226 0
1491 5
190 -1
189 0
186 2
1487 -1
175 0
172 0
167 3
160 0
158 1
154 1
146 4
145 0
139 0
102 0
100 2
84 0
83 1
82 0
80 -5
78 -3
47 0
34 0
32 -1
28 0
13 0
13 0
1396 9
1367 -1
1357 1
1356 2
1339 4
1854 0
1848 3
1295 4
1950 62
1254 0
1202 1
1202 5
1818 0
1159 2
1950 74
1134 3
1119 7
1101 0
1095 0
1949 26
1018 0
1000 1
995 2
978 0
977 3
974 0
1949 66
960 3
947 3
937 -1
911 0
896 1
895 4
893 1
1949 13
1949 10
868 4
1709 2
838 0
824 2
812 1
803 1
801 3
1688 1
779 5
1686 3
772 1
771 -2
754 0
753 0
752 0
751 1
750 4
747 0
740 0
1948 7
1948 4
732 1
1948 44
716 1
700 1
670 -3
657 0
650 1
648 4
645 1
630 4
624 2
622 1
622 7
913 1
909 3
873 3
840 2
813 2
808 3
786 0
772 2
1205 5
749 10
744 1
743 2
740 2
695 1
688 6
678 4
670 4
666 1
664 12
1189 7
665 14
638 3
638 0
637 2
632 2
1183 2
621 2
620 2
609 1
608 0
583 2
582 2
581 2
565 2
559 12
540 -1
1167 11
532 6
517 2
516 0
512 6
502 3
475 13
456 2
450 6
435 1
434 3
430 3
432 1
420 1
411 3
409 1
406 2
405 1
405 3
384 7
382 1
378 1
374 1
372 6
352 0
1112 5
343 1
337 4
1111 5
329 0
327 1
327 1
308 0
304 4
298 0
285 1
285 3
283 0
1096 3
278 0
276 0
272 3
264 1
261 2
260 1
253 3
253 1
252 0
244 3
238 0
238 6
238 2
224 0
222 1
221 1
218 2
217 2
211 0
206 8
203 1
198 2
198 0
194 0
188 0
175 1
169 2
168 0
167 4
165 0
164 2
162 4
158 0
158 0
156 0
143 0
137 2
132 1
132 5
130 1
112 1
110 1
1035 9
1035 4
89 1
88 0
88 0
83 0
67 9
55 4
46 0
42 3
40 1
1019 4
35 1
34 0
29 0
22 0
22 1
1012 2
14 2
12 1
999 1
990 10
973 8
1402 7
1394 0
1394 1
1388 2
1332 16
1603 10
1314 3
1269 0
1257 4
1603 1
1222 3
1211 2
1199 4
1582 1
1163 1
1159 1
1150 2
1139 3
1102 0
1099 0
1097 2
1085 1
1083 4
1603 6
1054 2
1053 4
1570 6
1603 7
1023 2
1016 1
1008 1
985 12
984 0
971 2
968 0
961 0
953 1
935 0
931 0
930 1
894 3
883 2
855 1
850 3
831 0
827 0
814 0
811 0
778 0
774 9
763 0
752 1
739 5
725 0
716 0
670 1
670 1
664 0
661 5
660 1
644 0
636 0
622 2
616 1
595 1
548 3
532 0
530 2
530 0
501 2
481 1
431 0
425 0
411 -1
380 0
350 0
343 0
331 0
325 3
309 0
280 0
277 0
269 0
262 0
258 0
258 -1
243 2
242 0
229 0
228 0
225 0
218 0
194 0
193 0
178 0
168 1
138 0
132 1
131 0
1603 8
1603 2
108 0
106 1
105 -1
1495 0
103 0
96 -1
1493 2
88 0
53 0
40 0
1603 4
1480 0
1603 7
1466 1
1600 5
1456 6
1449 0
1598 3
1435 0
1603 42
65 4
308 17
307 0
294 8
283 8
232 4
230 8
1037 2
264 1
258 11
258 18
257 4
254 3
245 1
237 1
235 5
232 7
228 1
226 4
221 1
220 5
217 3
211 3
207 5
207 3
205 2
205 1
182 3
182 2
642 6
170 2
154 7
1009 9
1009 7
1009 5
143 17
141 5
132 2
131 3
126 2
123 0
118 0
118 4
117 9
114 6
97 4
94 2
87 1
82 4
72 2
66 6
60 0
54 4
54 6
45 4
45 5
45 1
988 17
36 5
36 23
28 1
18 2
16 1
594 11
967 2
966 1
960 3
958 6
958 291
912 2
1202 10
903 6
901 1
900 4
1201 19
1200 4
890 4
1198 14
878 8
845 5
1190 51
817 1
1181 25
807 11
788 2
782 2
1383 19
1226 7
770 6
744 9
880 3
716 9
698 0
685 1
673 7
672 2
669 18
668 3
1138 5
1136 15
647 4
624 1
618 3
600 3
596 4
588 4
578 4
576 10
713 151
564 2
1106 3
1103 7
534 1
532 13
1101 22
518 21
513 16
505 0
502 3
496 3
494 3
474 0
467 1
463 14
455 1
446 5
444 3
443 3
438 6
437 3
433 4
1073 9
406 11
398 6
642 25
391 2
361 1
357 5
346 7
336 8
327 16
1051 1
1218 10
323 7
323 9
322 4
1044 12
299 5
295 0
281 4
62 11
60 2
69 5
69 10
417 5
871 8
397 10
377 5
371 4
328 1
323 13
286 3
283 6
278 5
276 8
275 12
852 8
268 1
266 4
836 8
238 3
834 7
217 4
210 1
189 10
148 2
824 8
161 34
822 8
122 4
121 6
107 5
92 2
813 6
813 8
79 3
71 3
44 5
161 6
11 4
794 8
762 52
749 11
747 11
705 10
891 5
674 6
890 17
573 5
571 4
563 4
537 4
523 7
501 0
500 6
499 6
497 8
495 13
879 6
481 6
462 7
444 4
440 11
440 15
139 2
62 8
270 11
260 8
253 3
233 3
24 0
21 0
18 1
1199 3
967 3
952 7
950 5
942 2
937 0
923 2
914 7
911 8
896 4
882 2
1184 3
868 1
864 2
857 1
834 6
1177 4
1175 8
807 3
1217 8
1175 5
794 1
792 2
788 2
769 1
764 7
757 10
748 1
1162 2
734 1
731 3
1159 4
706 1
685 1
1149 3
677 1
666 13
644 0
1138 16
628 2
621 2
619 2
617 1
601 2
595 1
593 4
593 3
583 3
580 12
578 5
548 3
537 4
529 2
1176 1
517 2
487 9
487 2
478 12
461 2
461 2
455 1
453 1
452 3
451 3
450 5
484 10
445 0
443 4
1083 2
421 1
420 2
416 1
404 3
1067 3
384 5
370 0
364 2
363 2
349 1
340 3
1204 13
299 4
296 3
1043 1
287 3
282 2
260 2
1030 3
248 1
243 0
1028 9
230 2
220 2
218 4
215 1
212 1
209 0
1020 -1
1020 2
1018 2
176 1
175 1
173 1
166 1
162 2
155 1
152 4
151 0
151 1
133 4
130 2
130 2
122 9
117 6
1004 4
111 0
110 3
102 0
97 0
97 0
1001 22
89 0
85 3
84 2
66 0
54 0
53 0
39 1
39 1
36 1
36 1
36 0
29 0
28 0
27 0
987 34
1194 8
841 2
841 37
820 15
808 5
802 0
763 3
758 1
754 12
1169 9
667 0
667 5
657 2
649 0
626 1
621 4
619 2
1148 6
605 3
586 10
547 14
526 36
518 5
512 4
504 1
499 3
467 1
455 3
453 2
450 3
435 1
432 5
424 2
1102 2
413 4
406 3
390 1
351 -3
329 1
323 2
320 6
294 0
1027 4
266 2
251 0
245 6
1012 1
237 1
229 3
181 2
174 3
174 1
168 1
158 0
155 0
146 3
144 2
124 6
106 0
69 0
49 1
36 4
21 1
18 1
1204 7
939 46
1212 13
925 5
909 16
886 4
881 4
870 6
860 6
860 11
1095 3
1247 1
1247 5
1251 3
1063 2
1062 2
1046 1
1043 5
1252 4
1017 0
1252 1
1252 3
1248 14
1252 3
960 7
959 0
958 0
951 14
942 5
915 3
915 5
911 13
895 8
875 1
873 4
867 1
862 -1
1252 18
821 5
775 11
774 6
767 4
751 2
744 -1
743 14
723 0
1245 0
716 7
706 1
1252 48
677 9
1252 24
668 2
1252 9
1244 3
625 2
1244 6
594 0
586 0
1252 4
577 1
574 5
572 2
565 3
552 1
550 2
544 0
1243 3
539 2
1252 33
531 2
485 4
475 3
433 1
1252 14
408 1
1252 8
1239 3
1252 0
384 2
371 2
1238 5
461 3
1238 1
1252 14
1252 3
321 1
308 3
277 0
277 2
273 2
1232 3
216 1
212 1
1231 19
1230 0
169 2
1230 3
161 1
104 3
1224 5
72 0
60 2
14 -1
1216 3
1210 2
1196 7
1252 26
1196 4
1196 2
1252 3
1252 5
1185 1
1181 2
1252 5
1166 1
1166 33
1155 3
1152 1
1149 4
1147 6
1251 6
1130 1
1129 2
1251 3
1123 3
1117 5
1251 2
1111 0
1102 1
1098 0
1276 3
1001 8
997 0
987 2
986 0
983 1
983 7
1244 5
967 3
959 2
959 2
957 3
945 1
927 4
920 0
907 67
890 1
888 4
880 3
1224 12
867 7
855 2
853 3
840 1
824 8
797 1
1212 6
1212 3
1244 19
754 2
745 -3
817 9
724 2
724 4
723 2
721 0
706 3
705 1
694 1
688 0
686 3
671 2
668 1
1195 1
1244 5
647 1
1244 2
619 2
616 3
598 0
597 1
583 1
574 2
550 2
548 1
1174 3
530 0
519 1
515 4
509 5
509 141
467 4
452 1
442 4
438 0
463 6
413 0
411 6
1244 8
390 1
389 -1
1244 3
379 1
372 1
359 1
1100 11
347 2
342 3
336 1
335 0
326 0
309 1
1137 -1
302 1
1136 13
295 2
291 1
1135 5
1135 8
279 1
257 3
230 2
219 1
214 0
201 0
1127 4
176 2
1243 4
151 1
132 4
111 0
112 1
1243 3
1161 50
21 1
21 0
21 1
12 2
1112 0
1111 3
1243 17
1243 15
1243 26
1243 8
1244 5
1078 0
1240 4
1069 1
1240 3
1063 1
1060 1
1059 0
1059 2
1240 11
1240 1
1053 3
1047 1
1047 1
1239 5
1042 0
1238 10
1040 2
1038 2
1244 9
1238 7
1029 2
1549 4
1028 1
1027 0
1027 1
1017 1
1017 4
1237 1
1010 1
1007 11
408 0
368 6
342 5
298 2
587 1
130 0
112 1
68 2
575 1
558 4
553 3
193 0
191 0
190 0
178 0
164 0
160 0
156 0
154 1
132 0
129 0
106 0
104 0
89 0
78 0
71 0
1001 0
69 0
999 0
42 0
995 0
22 1
18 0
976 0
951 1
949 9
944 0
944 1
938 2
933 2
933 1
932 1
931 1
1175 1
902 0
901 1
898 2
890 1
888 0
874 1
866 0
845 6
1155 12
842 3
839 3
831 5
816 0
813 7
805 1
800 1
782 0
780 0
1138 2
747 0
747 0
745 0
737 1
725 0
1207 4
714 -1
697 0
683 1
681 2
681 0
679 1
673 0
651 0
645 0
641 0
637 1
631 1
1099 12
604 0
594 0
591 2
571 1
566 1
561 0
560 0
559 1
546 0
529 0
527 0
523 1
506 1
504 0
504 2
500 1
483 1
470 0
1066 -1
469 -1
462 0
456 0
449 2
447 1
440 0
439 2
397 1
387 0
383 3
369 2
358 0
355 0
343 5
327 0
1198 3
319 1
310 0
1033 1
287 0
279 0
268 0
264 -2
1023 1
235 0
234 0
228 0
228 0
221 0
217 1
1050 8
1047 7
1047 5
1034 20
1033 17
1028 6
1010 3
1010 8
990 11
975 2
857 4
855 6
849 4
832 2
825 5
825 11
790 2
781 2
741 13
729 5
702 4
687 1
682 1
663 6
682 1
623 1
583 3
549 2
538 4
534 2
1111 7
521 3
489 5
487 2
479 3
470 1
446 5
441 4
409 4
392 14
355 7
351 2
349 3
335 5
318 2
300 7
266 2
243 2
230 4
224 2
193 3
189 4
185 2
155 2
1111 19
141 -1
134 1
129 3
129 2
99 6
81 6
72 4
65 3
44 1
26 2
21 2
1080 3
