0 2.61382113821
1 2.60282258065
2 2.60756972112
3 2.60671936759
4 2.59411764706
5 2.60735009671
6 2.59238095238
7 2.59582542694
8 2.59210526316
9 2.58100558659
10 2.60258780037
11 2.58394160584
12 2.56036036036
13 2.58540925267
14 2.58377425044
15 2.59090909091
16 2.59895833333
17 2.61855670103
18 2.6156462585
19 2.61759729272
20 2.61409395973
21 2.62189054726
22 2.63366336634
23 2.63338788871
24 2.65691056911
25 2.64401294498
26 2.64583333333
27 2.64546899841
28 2.65189873418
29 2.65727699531
30 2.65586419753
31 2.64580152672
32 2.65465465465
33 2.63703703704
34 2.61403508772
35 2.61449275362
36 2.61959654179
37 2.611747851
38 2.63790664781
39 2.62517482517
40 2.60995850622
41 2.60110041265
42 2.60191518468
43 2.6105834464
44 2.61155913978
45 2.6258322237
46 2.61923583663
47 2.61103810775
48 2.66840052016
49 2.65976714101
50 2.65725288832
51 2.64623243934
52 2.63624841572
53 2.62389937107
54 2.60740740741
55 2.59926470588
56 2.59024390244
57 2.5900243309
58 2.57710843373
59 2.57655502392
60 2.57007125891
61 2.60495283019
62 2.60492379836
63 2.6032672112
64 2.5976744186
65 2.58755760369
66 2.57828571429
67 2.58616780045
68 2.62429696288
69 2.60379464286
70 2.59468438538
71 2.59271523179
72 2.58159912377
73 2.57251908397
74 2.57204767064
75 2.56698821008
76 2.56609808102
77 2.56489361702
78 2.5665961945
79 2.56992639327
80 2.57604166667
81 2.57484407484
82 2.57438016529
83 2.56893004115
84 2.56762295082
85 2.57578840285
86 2.57692307692
87 2.57878787879
88 2.5751503006
89 2.58665338645
90 2.57863501484
91 2.57608695652
92 2.58267716535
93 2.58219178082
94 2.57434402332
95 2.5701839303
96 2.59787849566
97 2.5948026949
98 2.59770114943
99 2.59828244275
100 2.59562321598
101 2.59090909091
102 2.60600375235
103 2.60744186047
104 2.5962962963
105 2.59392265193
106 2.59286367795
107 2.59471766849
108 2.59800362976
109 2.59296028881
110 2.58580413297
111 2.59660107335
112 2.59517426273
113 2.59928122192
114 2.45848375451
115 2.45972850679
116 2.47282608696
117 2.46431797651
118 2.45225225225
119 2.47027027027
120 2.4483378257
121 2.44593386953
122 2.45911949686
123 2.47430117223
124 2.4698469847
125 2.48238482385
126 2.48646209386
127 2.48278985507
128 2.47700631199
129 2.4688908927
130 2.48108108108
131 2.48826714801
132 2.48920863309
133 2.49415992812
134 2.4963963964
135 2.49186256781
136 2.49363636364
137 2.48171846435
138 2.48269581056
139 2.47497725205
140 2.47493163172
141 2.48670944088
142 2.4880952381
143 2.56398537477
144 2.57678244973
145 2.57351598174
146 2.56803652968
147 2.57195233731
148 2.55229357798
149 2.56106519743
150 2.55156537753
151 2.56318681319
152 2.55974264706
153 2.55018248175
154 2.56244302644
155 2.55055147059
156 2.54871323529
157 2.546875
158 2.56175663312
159 2.55270394134
160 2.58545454545
161 2.58941605839
162 2.59249084249
163 2.57548032937
164 2.58667883212
165 2.5923566879
166 2.60235507246
167 2.60090909091
168 2.58818181818
169 2.58567543064
170 2.58871701547
171 2.59289617486
172 2.60995475113
173 2.60889292196
174 2.60471441523
175 2.62047101449
176 2.64641885766
177 2.63841298467
178 2.64247311828
179 2.63035714286
180 2.60535714286
181 2.60195035461
182 2.60035366932
183 2.6266548985
184 2.64077669903
185 2.65759438104
186 2.65435356201
187 2.64116094987
188 2.64291996482
189 2.65228873239
190 2.65896980462
191 2.64982269504
192 2.65186500888
193 2.6553873553
194 2.66843971631
195 2.67140319716
196 2.67021276596
197 2.74867256637
198 2.75776397516
199 2.75176678445
200 2.75110326567
201 2.75551632833
202 2.76543209877
203 2.76371681416
204 2.76215738285
205 2.76861702128
206 2.76711111111
207 2.77053571429
208 2.7890070922
209 2.78387953942
210 2.78546099291
211 2.77353463588
212 2.76998223801
213 2.80070859167
214 2.77709251101
215 2.79207048458
216 2.791776028
217 2.79509632224
218 2.78998242531
219 2.78646748682
220 2.88178633975
221 2.89132340053
222 2.87839020122
223 2.89285714286
224 2.90148212729
225 2.88743455497
226 2.88840453357
227 2.89111498258
228 2.88260869565
229 2.86551724138
230 2.87564766839
231 2.88908145581
232 2.893728223
233 3.04104803493
234 3.0490797546
235 3.06156552331
236 3.07042253521
237 3.06420404573
238 3.07543859649
239 3.05448154657
240 3.06073943662
241 3.06272084806
242 3.07231040564
243 3.06684256816
244 3.07400881057
245 3.07787610619
246 3.07712765957
247 3.08281389136
248 3.09857904085
249 3.06566104703
250 3.07237422771
251 3.06896551724
252 3.07522123894
253 3.08792184725
254 3.09946714032
255 3.12934879572
256 3.14068100358
257 3.1617515639
258 3.16888888889
259 3.17873100983
260 3.18475336323
261 3.19099099099
262 3.14634146341
263 3.14311431143
264 3.15184186882
265 3.157564906
266 3.17356115108
267 3.18264014467
268 3.18297101449
269 3.16380090498
270 3.17359855335
271 3.17509025271
272 3.17747747748
273 3.190433213
274 3.20415537489
275 3.2034358047
276 3.22595281307
277 3.24094202899
278 3.23215898826
279 3.22986425339
280 3.2202166065
281 3.22909090909
282 3.23069936421
283 3.23181818182
284 3.24547101449
285 3.25768535262
286 3.25158946412
287 3.24545454545
288 3.25090909091
289 3.25205479452
290 3.23792160438
291 3.26989935956
292 3.27454545455
293 3.26775956284
294 3.26344576117
295 3.26368613139
296 3.26800364631
297 3.23705722071
298 3.2479638009
299 3.25657298277
300 3.26315789474
301 3.25929283772
302 3.26291931097
303 3.26526891522
304 3.26697247706
305 3.29120879121
306 3.29917657823
307 3.3006416132
308 3.29029304029
309 3.29487179487
310 3.30119375574
311 3.300456621
312 3.31501831502
313 3.3281535649
314 3.33181818182
315 3.33181818182
316 3.34482758621
317 3.34968210718
318 3.36429872495
319 3.38384754991
320 3.3721770551
321 3.36799276673
322 3.37215650591
323 3.36861313869
324 3.37419945105
325 3.37135036496
326 3.3714804723
327 3.37545454545
328 3.44565217391
329 3.4609800363
330 3.4753649635
331 3.47623400366
332 3.51183970856
333 3.53539019964
334 3.53218495014
335 3.5261732852
336 3.53532608696
337 3.53707052441
338 3.55465221319
339 3.56846846847
340 3.59135913591
341 3.61290322581
342 3.60822898032
343 3.60519247986
344 3.55026929982
345 3.53728661276
346 3.5404676259
347 3.54725472547
348 3.54211469534
349 3.54464285714
350 3.55456965395
351 3.55456965395
352 3.55772646536
353 3.56028368794
354 3.57651245552
355 3.56876663709
356 3.56914893617
357 3.5648312611
358 3.56735057984
359 3.55745062837
360 3.56887298748
361 3.539497307
362 3.53440571939
363 3.54504906334
364 3.5478961504
365 3.55834829443
366 3.56322869955
367 3.58723021583
368 3.59315931593
369 3.58258527828
370 3.57668161435
371 3.5881294964
372 3.59189189189
373 3.59016393443
374 3.58630136986
375 3.58394160584
376 3.57520510483
377 3.54703196347
378 3.56920256645
379 3.57156048015
380 3.58310120706
381 3.59200743494
382 3.60186915888
383 3.59197012138
384 3.5953271028
385 3.60861423221
386 3.60320452403
387 3.61320754717
388 3.60865475071
389 3.61012183693
390 3.61668228679
391 3.61401869159
392 3.63098591549
393 3.6338028169
394 3.63098591549
395 3.62757973734
396 3.63602251407
397 3.64639850327
398 3.57075913777
399 3.57558685446
400 3.59189443921
401 3.58701787394
402 3.59644194757
403 3.60751173709
404 3.61531279178
405 3.61891385768
406 3.61739943873
407 3.6181988743
408 3.64232209738
409 3.75729068674
410 3.77191328935
411 3.77704609595
412 3.78477443609
413 3.82563619227
414 3.81636536632
415 3.84416826004
416 3.8484270734
417 3.85673076923
418 3.85714285714
419 3.85086042065
420 3.87127761768
421 3.77145612343
422 3.77487922705
423 3.79767666989
424 3.76990291262
425 3.76796116505
426 3.80560928433
427 3.80250481696
428 3.82108317215
429 3.82929194956
430 3.83804878049
431 3.82502443793
432 3.84062196307
433 3.84011627907
434 3.69036027264
435 3.69738118332
436 3.703307393
437 3.68798449612
438 3.70087124879
439 3.71124031008
440 3.73546511628
441 3.76669893514
442 3.78176527643
443 3.78661493695
444 3.79454722493
445 3.78972868217
446 3.78529980658
447 3.77071290944
448 3.78119001919
449 3.77298850575
450 3.77233429395
451 3.76811594203
452 3.77079303675
453 3.77027027027
454 3.77338476374
455 3.7750965251
456 3.76728334956
457 3.76144109056
458 3.7490234375
459 3.74338883448
460 3.74755381605
461 3.7512195122
462 3.75633528265
463 3.77951219512
464 3.78529411765
465 3.77526987242
466 3.78051181102
467 3.78235294118
468 3.78885630499
469 3.78942213516
470 3.77952755906
471 3.7960591133
472 3.81404549951
473 3.8198019802
474 3.81305637982
475 3.81988188976
476 3.83284169125
477 3.83218842002
478 3.88660801564
479 3.89823874755
480 3.91487279843
481 3.92556317336
482 3.9067961165
483 3.90213178295
484 3.90009699321
485 3.89833822092
486 3.885518591
487 3.87621832359
488 3.8824101069
489 3.88405797101
490 3.88513513514
491 3.88673765731
492 3.86253630203
493 3.86905916586
494 3.87717601547
495 3.8875
496 3.91170825336
497 3.91554702495
498 3.93262752647
499 3.9161849711
500 3.90192307692
501 3.89559386973
502 3.90882917466
503 3.91650671785
504 3.90769230769
505 3.89932885906
506 3.90307101727
507 3.91031822565
508 3.91434071222
509 3.92857142857
510 3.93288590604
511 3.95502392344
512 3.97683397683
513 3.97478176528
514 3.96987366375
515 3.9892578125
516 3.99319727891
517 3.98445092323
518 3.99416909621
519 3.99416342412
520 3.98725490196
521 3.99113300493
522 4.00196463654
523 4.00587084149
524 4.0009765625
525 3.99609756098
526 4.01365853659
527 4.01469147894
528 4.0126953125
529 3.94123408423
530 3.94705882353
531 3.93359375
532 3.9384765625
533 3.90284592738
534 3.91830708661
535 3.9203539823
536 3.9431372549
537 3.9375
538 3.94031311155
539 3.93123772102
540 3.93577075099
541 3.91205533597
542 3.93353174603
543 3.94626865672
544 4.01785714286
545 4.00099304866
546 4.01888667992
547 4.02081268583
548 4.03260869565
549 4.03861386139
550 4.03872889772
551 4.01683168317
552 4.01683168317
553 4.02189054726
554 4.02697302697
555 4.02891326022
556 4.05722891566
557 4.06986027944
558 4.07661691542
559 4.0753968254
560 4.06910167818
561 4.06429277943
562 4.07845084409
563 4.09580838323
564 4.18525896414
565 4.20138888889
566 4.20734126984
567 4.22023809524
568 4.19184890656
569 4.19841269841
570 4.21816386969
571 4.23122529644
572 4.21751968504
573 4.22287390029
574 4.24463937622
575 4.24780487805
576 4.2602739726
577 4.26686217009
578 4.28250244379
579 4.28445747801
580 4.27061105723
581 4.31237911025
582 4.36092396535
583 4.35604606526
584 4.36599423631
585 4.34423076923
586 4.34459459459
587 4.37848222863
588 4.38846153846
589 4.41256038647
590 4.4193236715
591 4.45067698259
592 4.45849420849
593 4.45244956772
594 4.45471877979
595 4.45437262357
596 4.45324427481
597 4.44221585482
598 4.43797709924
599 4.44327931363
600 4.43672692674
601 4.43672692674
602 4.45463228271
603 4.4472168906
604 4.41969407266
605 4.41969407266
606 4.42135367016
607 4.43874643875
608 4.43821292776
609 4.43142857143
610 4.32187201528
611 4.32310642378
612 4.32949087416
613 4.48322147651
614 4.45969289827
615 4.50428979981
616 4.50477099237
617 4.49376797699
618 4.5009596929
619 4.52884615385
620 4.54816955684
621 4.54606525912
622 4.55076628352
623 4.53875598086
624 4.53934740883
625 4.56596558317
626 4.55778414518
627 4.52107279693
628 4.5375
629 4.52540747843
630 4.53942307692
631 4.56165703276
632 4.56207892204
633 4.54061895551
634 4.53861003861
635 4.53423336548
636 4.54932301741
637 4.54685990338
638 4.59650824442
639 4.59746588694
640 4.61268292683
641 4.6137254902
642 4.60334645669
643 4.6025515211
644 4.5897939156
645 4.58276199804
646 4.6291913215
647 4.62745098039
648 4.65388397247
649 4.66110019646
650 4.70108161259
651 4.69950738916
652 4.70216962525
653 4.71709233792
654 4.72736220472
655 4.72216748768
656 4.73938795656
657 4.74606299213
658 4.74263261297
659 4.75049115914
660 4.78346456693
661 4.80905511811
662 4.86529006883
663 4.84985279686
664 4.8568627451
665 4.88125613346
666 4.89282202557
667 4.89685658153
668 4.89940828402
669 4.91633858268
670 4.91838741396
671 4.91633858268
672 4.91806515301
673 4.92878338279
674 4.93280632411
675 4.95337301587
676 4.95513459621
677 5.02788844622
678 5.06986027944
679 5.01710261569
680 5.02018163471
681 5.00504540868
682 5.00402414487
683 5.04339051463
684 5.0485338726
685 5.06382978723
686 5.07077856421
687 5.08722109533
688 5.10253807107
689 5.11836734694
690 5.11293634497
691 5.13025641026
692 5.14461538462
693 5.14446721311
694 5.14373716632
695 5.147995889
696 5.1585492228
697 5.17775467775
698 5.18371607516
699 5.16354166667
700 5.18418314256
701 5.20437956204
702 5.20314136126
703 5.1960375391
704 5.18913270637
705 5.20020855057
706 5.22594142259
707 5.22955974843
708 5.2254697286
709 5.2518363064
710 5.24607329843
711 5.24815205913
712 5.24261603376
713 5.24658971668
714 5.24004192872
715 5.26050420168
716 5.25182863114
717 5.27253668763
718 5.26624737945
719 5.29092805005
720 5.321875
721 5.33367983368
722 5.35177453027
723 5.36382754995
724 5.37223974763
725 5.4092339979
726 5.43979057592
727 5.45798319328
728 5.4752891693
729 5.49048625793
730 5.49841938883
731 5.51209253417
732 5.54258675079
733 5.5907660021
734 5.62068965517
735 5.60104712042
736 5.64293193717
737 5.64730728617
738 5.64519535375
739 5.68631578947
740 5.67085953878
741 5.6878914405
742 5.70416666667
743 5.68091762252
744 5.67082035306
745 5.62330905307
746 5.63190823775
747 5.615625
748 5.62617801047
749 5.62670872766
750 5.63953488372
751 5.64021164021
752 5.69156883671
753 5.69361702128
754 5.69565217391
755 5.68736842105
756 5.68565400844
757 5.69157894737
758 5.70031880978
759 5.7
760 5.71261930011
761 5.72814498934
762 5.74547390841
763 5.74282678002
764 5.73963868225
765 5.64385026738
766 5.64787234043
767 5.64461045891
768 5.65170940171
769 5.67094017094
770 5.66275346852
771 5.68358531317
772 5.69189189189
773 5.69447453954
774 5.69063180828
775 5.67211328976
776 5.6768226333
777 5.67829880044
778 5.68052516411
779 5.66484716157
780 5.65611353712
781 5.71881838074
782 5.66775599129
783 5.63636363636
784 5.65270121279
785 5.65745856354
786 5.69094922737
787 5.6798679868
788 5.6592920354
789 5.65524861878
790 5.66593406593
791 5.67182320442
792 5.63414634146
793 5.64111111111
794 5.63303769401
795 5.67880794702
796 5.73098125689
797 5.73620309051
798 5.74392935982
799 5.76137624861
800 5.77398015436
801 5.81298129813
802 5.79495614035
803 5.79276315789
804 5.78797814208
805 5.81868131868
806 5.81918412348
807 5.88461538462
808 5.88974641676
809 5.97267759563
810 6.00871459695
811 6.09534127844
812 6.13240043057
813 6.12903225806
814 5.96021505376
815 5.97002141328
816 5.96447793326
817 5.97961373391
818 6.00321888412
819 6.01180257511
820 5.97856377278
821 5.97099892589
822 5.96129032258
823 5.97424892704
824 6.0513368984
825 6.03088391906
826 6.03429796356
827 6.05161290323
828 6.06774193548
829 6.06552094522
830 6.09978540773
831 6.09818569904
832 6.14712153518
833 6.22151224707
834 6.23768736617
835 6.25267665953
836 6.28877005348
837 6.28495197439
838 6.30629669157
839 6.31730769231
840 6.35106382979
841 6.32657417289
842 6.31416400426
843 6.3237486688
844 6.32907348243
845 6.37659574468
846 6.4161358811
847 6.36652542373
848 6.3825717322
849 6.42537313433
850 6.43025751073
851 6.47103004292
852 6.50053475936
853 6.5329787234
854 6.5374732334
855 6.53319057816
856 6.53533190578
857 6.51443850267
858 6.80448717949
859 6.80277185501
860 6.82146652497
861 6.78237791932
862 6.74973488865
863 6.696485623
864 6.73056443024
865 6.71838469713
866 6.73572938689
867 6.72526315789
868 6.77181913775
869 6.78781512605
870 6.77076761304
871 6.75445960126
872 6.80773249739
873 6.83054393305
874 6.8235908142
875 6.84791666667
876 6.83350676379
877 6.82848232848
878 6.90634755463
879 6.85208333333
880 6.95036194416
881 6.95755693582
882 6.97199170124
883 6.99374348279
884 6.97277486911
885 6.9802289282
886 6.98964803313
887 7.11053719008
888 7.11971104231
889 7.13043478261
890 7.12680412371
891 7.12783505155
892 7.12796697626
893 7.13697219361
894 7.20906282183
895 7.18098159509
896 7.18507157464
897 7.25740551583
898 7.26278118609
899 7.23397761953
900 7.25612244898
901 7.26530612245
902 7.31975560081
903 7.34014300306
904 7.32992849847
905 7.37244897959
906 7.36326530612
907 7.40121580547
908 7.38196555218
909 7.39086294416
910 7.38601823708
911 7.41200406918
912 7.40691759919
913 7.44138634047
914 7.50614754098
915 7.51692307692
916 7.51685393258
917 7.49948927477
918 7.48773006135
919 7.50613496933
920 7.46012269939
921 7.43794871795
922 7.49846468782
923 7.48419979613
924 7.48929663609
925 7.50819672131
926 7.4887063655
927 7.45220966084
928 7.44444444444
929 7.44615384615
930 7.44353182752
931 7.42666666667
932 7.42577319588
933 7.42561983471
934 7.40599173554
935 7.3933747412
936 7.39044652129
937 7.39958376691
938 7.38525441329
939 7.41231732777
940 7.38614900315
941 7.40506329114
942 7.3949044586
943 7.39616613419
944 7.40191897655
945 7.42872454448
946 7.41460794844
947 7.40300107181
948 7.42933618844
949 7.41711229947
950 7.43468950749
951 7.41942369264
952 7.42521367521
953 7.41390374332
954 7.46466809422
955 7.48546824543
956 7.50270855905
957 7.56013001083
958 7.52221018418
959 7.50810810811
960 7.52004333694
961 7.5332606325
962 7.52442996743
963 7.50652173913
964 7.53043478261
965 7.54307524537
966 7.52557127312
967 7.53186813187
968 7.53575357536
969 7.53539823009
970 7.57602663707
971 7.59151785714
972 7.58751393534
973 7.61142217245
974 7.62696629213
975 7.64261555806
976 7.66326530612
977 7.66363636364
978 7.65568181818
979 7.669327252
980 7.68957617411
981 7.71428571429
982 7.6879350348
983 7.71378504673
984 7.71746776084
985 7.73004694836
986 7.74352941176
987 7.73199527745
988 7.75
989 7.7619047619
990 7.78177458034
991 7.78329297821
992 7.79297820823
993 7.80606060606
994 7.83434835566
995 7.86748466258
996 7.84825870647
997 7.82308657465
998 7.8197747184
999 7.81852315394
1000 7.83875
1001 7.87215189873
1002 7.84713375796
1003 7.8858974359
1004 7.90909090909
1005 7.9703989704
1006 7.96272493573
1007 8.01030927835
1008 7.96875
1009 7.95697522816
1010 7.875
1011 8.00522193211
1012 7.87614080834
1013 7.8664921466
1014 7.88567674113
1015 7.90501319261
1016 7.9298013245
1017 7.87978863937
1018 7.91223404255
1019 7.89613848202
1020 7.92307692308
1021 7.94297082228
1022 7.93386243386
1023 7.94827586207
1024 7.95594125501
1025 7.8966442953
1026 7.9512195122
1027 8.00540540541
1028 8.0
1029 8.00407055631
1030 8.02319236016
1031 7.99039780521
1032 8.0138121547
1033 7.97642163662
1034 7.90947075209
1035 7.9487534626
1036 7.98746518106
1037 7.95244755245
1038 7.9606741573
1039 7.92587412587
1040 7.87096774194
1041 7.83848314607
1042 7.83730715288
1043 7.8382559775
1044 7.8338028169
1045 7.84844192635
1046 7.83285714286
1047 7.84770114943
1048 7.85446685879
1049 7.86416184971
1050 7.79479768786
1051 7.81620839363
1052 7.73043478261
1053 7.72448979592
1054 7.70986745214
1055 7.71764705882
1056 7.73707533235
1057 7.74666666667
1058 7.77496274218
1059 7.36268656716
1060 7.4107946027
1061 7.46596066566
1062 7.48936170213
1063 7.49162861492
1064 7.49240121581
1065 7.46798780488
1066 7.52373660031
1067 7.49537037037
1068 7.53042121685
1069 7.48979591837
1070 7.47160883281
1071 7.49443561208
1072 7.55929487179
1073 7.49114331723
1074 7.45980707395
1075 7.45967741935
1076 7.42276422764
1077 7.51294498382
1078 7.53094462541
1079 7.31907894737
1080 7.34933774834
1081 7.22575250836
1082 7.22575250836
1083 7.22445561139
1084 7.25420875421
1085 7.27195945946
1086 7.28816466552
1087 7.25689655172
1088 7.05017301038
1089 7.10207612457
1090 7.18760757315
1091 7.21663778163
1092 7.23652173913
1093 7.24825174825
1094 7.26889279438
1095 7.18181818182
1096 7.45017182131
1097 7.45674740484
1098 7.35181975737
1099 7.31715771231
1100 7.37870855148
1101 7.411558669
1102 7.43782837128
1103 7.33509700176
1104 7.38821490468
1105 7.49568221071
1106 7.51211072664
1107 7.54325259516
1108 7.46328671329
1109 7.49825174825
1110 7.51304347826
1111 7.47993019197
1112 7.52076124567
1113 7.5421686747
1114 7.50344827586
1115 7.52331606218
1116 7.50769230769
1117 7.56388415673
1118 7.65232358003
1119 7.7
1120 7.72347826087
1121 7.80353982301
1122 7.85764499121
1123 7.7764084507
1124 7.78207381371
1125 7.85113835377
1126 7.85464098074
1127 7.89557522124
1128 7.9431616341
1129 8.10796460177
1130 8.21228070175
1131 8.33275261324
1132 8.38111888112
1133 8.41319444444
1134 8.47212543554
1135 8.44055944056
1136 8.61178509532
1137 9.38410596026
1138 9.4176182708
1139 9.44535073409
1140 9.42233009709
1141 9.46302250804
1142 9.49519230769
1143 9.67862714509
1144 9.67381316998
1145 9.58470764618
1146 9.5969924812
1147 9.60692771084
1148 9.66515151515
1149 9.68654434251
1150 9.70705521472
1151 9.6620795107
1152 9.77130044843
1153 9.79460269865
1154 9.8045112782
1155 9.77878787879
1156 9.78267477204
1157 9.78419452888
1158 9.7358778626
1159 9.78341013825
1160 9.81047765794
1161 9.83281733746
1162 9.83720930233
1163 9.85202492212
1164 9.90894819466
1165 9.89589905363
1166 9.88679245283
1167 9.93396226415
1168 9.97641509434
1169 10.0062695925
1170 10.0094043887
1171 9.97327044025
1172 9.97327044025
1173 9.9858044164
1174 9.98420221169
1175 9.98892405063
1176 10.0205371248
1177 10.0205371248
1178 10.0379146919
1179 10.0268138801
1180 10.0315955766
1181 10.0173501577
1182 9.97178683386
1183 9.97492163009
1184 10.0063091483
1185 10.0126182965
1186 10.0268987342
1187 10.0126382306
1188 10.0380952381
1189 10.0696202532
1190 10.0266875981
1191 10.1171032357
1192 10.1456752656
1193 9.92764109986
1194 10.0340909091
1195 10.0113475177
1196 10.0227272727
1197 10.0498575499
1198 10.0613409415
1199 10.0787965616
1200 10.1050359712
1201 10.0939306358
1202 10.0913043478
1203 10.1310043668
1204 10.1459854015
1205 10.137829912
1206 10.1117647059
1207 10.1268436578
1208 10.099112426
1209 10.099112426
1210 10.1127596439
1211 10.1083086053
1212 9.96223564955
1213 10.0
1214 9.97396630934
1215 9.98771121352
1216 9.9907550077
1217 9.9984496124
1218 10.0171339564
1219 10.0251177394
1220 10.0362204724
1221 10.0158730159
1222 10.0239616613
1223 10.0465489567
1224 10.0660225443
1225 10.0759289176
1226 10.0484652666
1227 10.0533980583
1228 9.99512195122
1229 10.0146818923
1230 10.006514658
1231 10.0212071778
1232 10.0638297872
1233 10.0590163934
1234 10.0690789474
1235 10.0759075908
1236 10.0398671096
1237 10.0232945092
1238 10.0350584307
1239 10.068907563
1240 10.1273344652
1241 10.1550255537
1242 10.1715265866
1243 10.2068965517
1244 10.2404844291
1245 10.2461005199
1246 10.2426343154
1247 10.25
1248 10.2173913043
1249 10.2390924956
1250 10.2776801406
1251 10.3180212014
1252 10.3044247788
1253 10.3392857143
1254 10.3590664273
1255 10.3776978417
1256 10.372972973
1257 10.3561151079
1258 10.3429084381
1259 10.3429084381
1260 10.3869801085
1261 10.3738656987
1262 10.2921960073
1263 10.3072727273
1264 10.352833638
1265 10.3688073394
1266 10.3977900552
1267 10.352398524
1268 10.3673469388
1269 10.3130755064
1270 10.314232902
1271 10.3296296296
1272 10.3234750462
1273 10.3055555556
1274 10.3426443203
1275 10.3883677298
1276 10.420754717
1277 10.4545454545
1278 10.4118773946
1279 10.3816793893
1280 10.3714285714
1281 10.3874045802
1282 10.4348659004
1283 10.4512428298
1284 10.4674329502
1285 10.4730769231
1286 10.4913294798
1287 10.4913294798
1288 10.5251937984
1289 10.5389105058
1290 10.4853228963
1291 10.4328063241
1292 10.4246031746
1293 10.4584980237
1294 10.426035503
1295 10.4393638171
1296 10.4748490946
1297 10.3668763103
1298 10.3668763103
1299 10.3823529412
1300 10.4258474576
1301 10.4340425532
1302 10.4307036247
1303 10.4470842333
1304 10.4675324675
1305 10.4690265487
1306 10.4527027027
1307 10.4013605442
1308 10.3949771689
1309 10.4344827586
1310 10.4663573086
1311 10.4941176471
1312 10.5460992908
1313 10.5251798561
1314 10.577294686
1315 10.600973236
1316 10.4585365854
1317 10.5586034913
1318 10.5190839695
1319 10.4936061381
1320 10.470437018
1321 10.470437018
1322 10.470437018
1323 10.4738219895
1324 10.5052910053
1325 10.5806451613
1326 10.5013550136
1327 10.5286103542
1328 10.4850948509
1329 10.5218579235
1330 10.3149171271
1331 10.2102272727
1332 10.0547550432
1333 10.0028901734
1334 9.97368421053
1335 9.90294117647
1336 9.95833333333
1337 9.74006116208
1338 8.28666666667
1339 8.13986013986
1340 8.16312056738
1341 8.21014492754
1342 8.12177121771
1343 8.06319702602
1344 7.51792828685
1345 7.51282051282
1346 7.64976958525
1347 7.64976958525
1348 7.69302325581
1349 7.62790697674
1350 7.65277777778
1351 7.65277777778
1352 7.73113207547
1353 7.33854166667
1354 7.38341968912
1355 7.421875
1356 7.38974358974
1357 7.38974358974
1358 7.40721649485
1359 7.40721649485
1360 7.37435897436
1361 7.37435897436
1362 7.37435897436
1363 7.36734693878
1364 7.39487179487
1365 7.39487179487
1366 7.42268041237
1367 7.42708333333
1368 7.40957446809
1369 7.28877005348
1370 7.11290322581
1371 7.19786096257
1372 7.17021276596
1373 7.19047619048
1374 7.19047619048
1375 7.22340425532
1376 7.22340425532
1377 7.13440860215
1378 7.13368983957
1379 7.11290322581
1380 7.14130434783
1381 7.14130434783
1382 7.1978021978
1383 7.29775280899
1384 7.32768361582
1385 7.32768361582
1386 7.32954545455
1387 7.24719101124
1388 7.26404494382
1389 7.23463687151
1390 7.0790960452
1391 7.1387283237
1392 6.59375
1393 6.17105263158
1394 6.35593220339
1395 5.15384615385
1396 5.14563106796
1397 5.13461538462
1398 5.12621359223
1399 5.01923076923
1400 5.03883495146
1401 5.03883495146
1402 5.03883495146
1403 5.06730769231
1404 5.02857142857
1405 5.02857142857
1406 5.02857142857
1407 5.03738317757
1408 5.03738317757
1409 5.08490566038
1410 5.08490566038
1411 5.08490566038
1412 5.11428571429
1413 5.11428571429
1414 5.16346153846
1415 5.18446601942
1416 5.16346153846
1417 5.12380952381
1418 5.12380952381
1419 5.14423076923
1420 5.14423076923
1421 5.1320754717
1422 5.08490566038
1423 5.10476190476
1424 5.10476190476
1425 5.10476190476
1426 5.10476190476
1427 5.16504854369
1428 5.16504854369
1429 5.17821782178
1430 5.17821782178
1431 5.21212121212
1432 5.21212121212
1433 5.10204081633
1434 5.10204081633
1435 5.07216494845
1436 5.07216494845
1437 5.09375
1438 5.06315789474
1439 5.06315789474
1440 5.07446808511
1441 5.07446808511
1442 5.02105263158
1443 5.02105263158
1444 5.02105263158
1445 5.02105263158
1446 4.94736842105
1447 4.96808510638
1448 4.96808510638
1449 4.96774193548
1450 4.96774193548
1451 4.96739130435
1452 4.91397849462
1453 8.15789473684
1454 8.15789473684
1455 8.08333333333
1456 8.08333333333
1457 8.14736842105
1458 8.22340425532
1459 8.18085106383
1460 8.18085106383
1461 8.18085106383
1462 8.09473684211
1463 8.13684210526
1464 8.13684210526
1465 8.16666666667
1466 8.2
1467 8.2
1468 8.29787234043
1469 8.29787234043
1470 8.50549450549
1471 8.50549450549
1472 8.50549450549
1473 8.52222222222
1474 8.52222222222
1475 8.52222222222
1476 8.52222222222
1477 8.42857142857
1478 8.42857142857
1479 8.42857142857
1480 8.56179775281
1481 8.60227272727
1482 8.43333333333
1483 8.14772727273
1484 8.02298850575
1485 8.02298850575
1486 8.02298850575
1487 7.94318181818
1488 7.83333333333
1489 7.89887640449
1490 7.89887640449
1491 7.89887640449
1492 7.89887640449
1493 7.89887640449
1494 7.59090909091
1495 7.75581395349
1496 7.75581395349
1497 7.74117647059
1498 7.70588235294
1499 7.70588235294
1500 7.54651162791
1501 7.54651162791
1502 7.54651162791
1503 7.75531914894
1504 7.75531914894
1505 7.75531914894
1506 7.75531914894
1507 7.75531914894
1508 7.75531914894
1509 7.79569892473
1510 7.79569892473
1511 7.76595744681
1512 14.9157894737
1513 14.9157894737
1514 14.9157894737
1515 15.0652173913
1516 15.1648351648
1517 15.3111111111
1518 23.5729166667
1519 23.75
1520 23.75
1521 23.75
1522 23.75
1523 23.75
1524 23.75
1525 23.8224299065
1526 23.8224299065
1527 24.0283018868
1528 24.0283018868
1529 24.2095238095
1530 24.2095238095
1531 24.1523809524
1532 24.1523809524
1533 23.9245283019
1534 24.3461538462
1535 24.7647058824
1536 25.0099009901
1537 25.0099009901
1538 25.17
1539 25.17
1540 25.17
1541 25.17
1542 25.17
1543 25.17
1544 25.5816326531
1545 25.5408163265
1546 25.5408163265
1547 25.5408163265
1548 25.5408163265
1549 25.5408163265
1550 25.5612244898
1551 25.6907216495
1552 25.9479166667
1553 25.9479166667
1554 25.6907216495
1555 25.7916666667
1556 25.7916666667
1557 26.170212766
1558 26.170212766
1559 26.170212766
1560 26.4193548387
1561 26.6956521739
1562 26.6956521739
1563 26.6956521739
1564 26.9230769231
1565 26.9230769231
1566 26.9230769231
1567 27.2111111111
1568 27.2111111111
1569 27.2111111111
1570 27.2111111111
1571 27.7954545455
1572 28.1395348837
1573 28.4470588235
1574 28.3529411765
1575 28.3529411765
1576 28.3529411765
1577 28.3529411765
1578 27.3258426966
1579 26.2783505155
1580 26.2783505155
1581 26.5520833333
1582 26.5520833333
1583 26.5520833333
1584 26.5520833333
1585 26.5520833333
1586 26.3092783505
1587 26.3092783505
1588 26.59375
1589 26.8315789474
1590 27.0957446809
1591 27.3870967742
1592 27.6304347826
1593 27.6304347826
1594 28.2111111111
1595 28.2111111111
1596 28.5280898876
1597 28.8409090909
1598 29.4534883721
1599 29.4534883721
1600 29.8705882353
1601 29.8705882353
1602 29.8705882353
1603 29.8705882353
1604 30.130952381
1605 30.4819277108
1606 30.4819277108
1607 30.4819277108
1608 31.0987654321
1609 30.743902439
1610 30.743902439
1611 30.743902439
1612 30.743902439
1613 30.743902439
1614 30.743902439
1615 30.743902439
1616 30.743902439
1617 31.0864197531
1618 31.4625
1619 31.4625
1620 31.4625
1621 31.4625
1622 32.1538461538
1623 32.5714285714
1624 32.5714285714
1625 32.5714285714
1626 32.5714285714
1627 32.5714285714
1628 32.5714285714
1629 32.5714285714
1630 32.5714285714
1631 32.5714285714
1632 32.5714285714
1633 32.5714285714
1634 32.5714285714
1635 32.5714285714
1636 32.5714285714
1637 32.5714285714
1638 32.5714285714
1639 32.5714285714
1640 32.5714285714
1641 32.5714285714
1642 32.5714285714
1643 33.0
1644 33.0
1645 33.0
1646 33.0
1647 33.3866666667
1648 33.3866666667
1649 33.3866666667
1650 33.7837837838
1651 33.7837837838
1652 33.7837837838
1653 34.2465753425
1654 30.7323943662
1655 30.7323943662
1656 31.1571428571
1657 31.1571428571
1658 31.1571428571
1659 31.1571428571
1660 31.6231884058
1661 31.6231884058
1662 31.6231884058
1663 32.0882352941
1664 32.4328358209
1665 32.4328358209
1666 32.7575757576
1667 32.7575757576
1668 32.7575757576
1669 32.7575757576
1670 32.7575757576
1671 33.1692307692
1672 33.1692307692
1673 33.1692307692
1674 33.1692307692
1675 33.1692307692
1676 33.1692307692
1677 33.1692307692
1678 33.6875
1679 33.6875
1680 33.6875
1681 33.6875
1682 33.6875
1683 34.7419354839
1684 34.7419354839
1685 34.7419354839
1686 34.7419354839
1687 34.7419354839
1688 35.2950819672
1689 36.3898305085
1690 36.3898305085
1691 36.3898305085
1692 36.3898305085
1693 36.3898305085
1694 36.3898305085
1695 36.9655172414
1696 36.9655172414
1697 36.9655172414
1698 36.9655172414
1699 37.5614035088
1700 37.5614035088
1701 39.4444444444
1702 39.4444444444
1703 39.4444444444
1704 45.4
1705 45.4
1706 45.4
1707 45.4
1708 45.4
1709 45.4
1710 45.4
1711 45.4
1712 46.3181818182
1713 32.0714285714
1714 32.0714285714
1715 32.0714285714
1716 32.0714285714
1717 32.0714285714
1718 31.3255813953
1719 12.4864864865
1720 8.79310344828
1721 6.4
1722 6.4
1723 6.4
1724 6.4
1725 6.4
1726 6.4
1727 6.4
1728 6.4
1729 6.4
1730 6.66666666667
1731 6.66666666667
1732 6.86956521739
1733 6.86956521739
1734 7.18181818182
1735 7.18181818182
1736 7.18181818182
1737 7.18181818182
1738 7.18181818182
1739 7.18181818182
1740 7.18181818182
1741 7.18181818182
1742 7.18181818182
1743 7.18181818182
1744 7.18181818182
1745 7.18181818182
1746 7.52380952381
1747 7.52380952381
1748 7.31818181818
1749 7.31818181818
1750 7.31818181818
1751 7.57142857143
1752 7.57142857143
1753 7.57142857143
1754 7.22727272727
1755 7.52380952381
1756 7.52380952381
1757 7.52380952381
1758 7.9
1759 7.9
1760 7.9
1761 7.9
1762 7.9
1763 7.9
1764 7.9
1765 7.9
1766 7.9
1767 7.9
1768 7.9
1769 7.9
1770 7.9
1771 7.9
1772 7.9
1773 7.9
1774 7.9
1775 8.15789473684
1776 8.15789473684
1777 8.15789473684
1778 8.15789473684
1779 8.86666666667
1780 1.5
1781 1.5
1782 1.5
1783 1.5
1784 1.5
1785 1.5
1786 1.5
1787 1.2
1788 1.2
1789 13.0
1790 13.0
1791 13.0
1792 13.0
1793 13.0
1794 13.0
1795 13.0
1796 13.0
1797 13.0
1798 13.0
1799 13.0
1800 13.0
1801 13.0
1802 13.0
1803 13.0
1804 10.8333333333
1805 10.8333333333
1806 10.8333333333
1807 10.8333333333
1808 10.8333333333
1809 10.8333333333
1810 12.6
1811 12.6
1812 12.6
1813 12.6
1814 12.6
1815 12.6
1816 12.6
1817 12.6
1818 12.6
1819 12.6
1820 12.6
1821 12.6
1822 12.6
1823 12.6
1824 12.6
1825 12.6
1826 12.6
1827 12.6
1828 12.6
1829 12.6
1830 12.6
1831 12.6
1832 12.6
1833 12.6
1834 12.6
1835 12.6
1836 12.6
1837 12.6
1838 12.6
1839 12.6
1840 12.6
1841 12.6
1842 12.6
1843 12.6
1844 12.6
1845 12.6
1846 12.6
1847 12.6
1848 14.75
1849 19.4166666667
1850 26.3571428571
1851 26.3571428571
1852 26.3571428571
1853 26.3571428571
1854 26.3571428571
1855 26.3571428571
1856 26.3571428571
1857 26.3571428571
1858 26.3571428571
1859 26.3571428571
1860 26.3571428571
1861 26.3571428571
1862 26.3571428571
1863 26.3571428571
1864 26.3571428571
1865 26.3571428571
1866 26.3571428571
1867 26.3571428571
1868 26.3571428571
1869 26.3571428571
1870 26.3571428571
1871 26.3571428571
1872 26.3571428571
1873 26.3571428571
1874 26.3571428571
1875 26.3571428571
1876 26.3571428571
1877 26.3571428571
1878 26.3571428571
1879 26.3571428571
1880 26.3571428571
1881 26.3571428571
1882 26.3571428571
1883 26.3571428571
1884 26.3571428571
1885 26.3571428571
1886 26.3571428571
1887 26.3571428571
1888 26.3571428571
1889 26.3571428571
1890 26.3571428571
1891 26.3571428571
1892 26.3571428571
1893 26.3571428571
1894 26.3571428571
1895 26.3571428571
1896 26.3571428571
1897 26.3571428571
1898 26.3571428571
1899 26.3571428571
1900 26.3571428571
1901 26.3571428571
1902 26.3571428571
1903 26.3571428571
1904 26.3571428571
1905 26.3571428571
1906 26.3571428571
1907 26.3571428571
1908 26.3571428571
1909 26.3571428571
1910 26.3571428571
1911 26.3571428571
1912 26.3571428571
1913 26.3571428571
1914 26.3571428571
1915 26.3571428571
1916 26.3571428571
1917 26.3571428571
1918 26.3571428571
1919 28.3846153846
1920 28.3846153846
1921 28.3846153846
1922 28.3846153846
1923 28.3846153846
1924 28.3846153846
1925 28.3846153846
1926 28.3846153846
1927 28.3846153846
1928 28.3846153846
1929 28.3846153846
1930 28.3846153846
1931 28.3846153846
1932 28.3846153846
1933 28.3846153846
1934 28.3846153846
1935 28.3846153846
1936 28.3846153846
1937 28.3846153846
1938 28.3846153846
1939 28.3846153846
1940 28.3846153846
1941 28.3846153846
1942 28.3846153846
1943 28.3846153846
1944 28.3846153846
1945 28.3846153846
1946 28.3846153846
1947 28.3846153846
1948 28.3846153846
1949 30.5
1950 30.5
1951 30.5
1952 30.5
1953 30.5
1954 30.5
1955 33.2727272727
1956 33.2727272727
1957 33.2727272727
1958 33.2727272727
1959 33.2727272727
1960 33.2727272727
1961 33.2727272727
1962 33.2727272727
1963 33.2727272727
1964 33.2727272727
1965 33.2727272727
1966 33.2727272727
1967 33.2727272727
1968 33.2727272727
1969 33.2727272727
1970 33.2727272727
1971 33.2727272727
1972 33.2727272727
1973 33.2727272727
1974 33.2727272727
1975 33.2727272727
1976 33.2727272727
1977 33.2727272727
1978 33.2727272727
1979 33.2727272727
1980 33.2727272727
1981 33.2727272727
1982 33.2727272727
1983 33.2727272727
1984 33.2727272727
1985 33.2727272727
1986 33.2727272727
1987 33.2727272727
1988 33.2727272727
1989 33.2727272727
1990 30.6
1991 30.6
1992 30.6
1993 30.6
1994 30.6
1995 30.6
1996 30.6
1997 30.6
1998 30.6
1999 30.6
2000 30.6
2001 30.6
2002 30.6
2003 30.6
2004 30.6
2005 34.0
2006 34.0
2007 34.0
2008 34.0
2009 34.0
2010 34.0
2011 34.0
2012 34.0
2013 34.0
2014 34.0
2015 34.0
2016 34.0
2017 34.0
2018 34.0
2019 34.0
2020 34.0
2021 34.0
2022 34.0
2023 34.0
2024 34.0
2025 34.0
2026 34.0
2027 34.0
2028 34.0
2029 34.0
2030 34.0
2031 34.0
2032 34.0
2033 34.0
2034 34.0
2035 34.0
2036 34.0
2037 34.0
2038 34.0
2039 34.0
2040 34.0
2041 34.0
2042 34.0
2043 34.0
2044 34.0
2045 34.0
2046 34.0
2047 34.0
2048 34.0
2049 41.8333333333
2050 68.0
